   0.340  -0.320  -1.000   0.380  -0.520   0.560   0.160   0.240   0.280  -0.900
  -0.100   0.620  -0.460   0.220   0.820   0.900  -0.160  -0.460  -0.280   0.820
  -0.920  -0.960   0.060   0.840   0.640  -0.580  -0.680  -0.640   0.900  -0.060
  -0.480   0.420  -0.240   0.380  -0.760   0.340   0.980  -0.300   0.880  -0.940
  -0.780  -0.560  -0.340   0.460   0.280  -0.180  -0.780   0.060   0.360  -0.060
  -0.120   0.240   0.140  -0.260   0.180  -0.540  -0.180  -0.420   0.560  -0.680
  -0.300   0.800  -0.160   0.760  -0.880  -0.200  -0.160   0.280  -0.040  -0.080
  -0.900   0.800  -0.420   0.400   0.000  -0.880  -0.980   0.860  -0.040  -0.420
  -0.540   0.680   0.080   0.120  -0.200   0.320   0.520  -0.380  -0.840  -0.120
  -0.220  -0.480  -0.540  -0.260  -0.240  -0.640   0.640  -0.420  -0.180  -0.340
  -0.700  -0.220   0.160  -0.920  -0.400   0.540  -0.880   0.460   0.720  -0.580
  -0.100  -0.520   0.440   0.400  -0.420   0.540   0.460   0.940  -0.760   0.720
   0.800   0.220  -0.280   0.100   0.340   0.100   0.480  -0.380   0.040   0.000
   0.000  -0.180  -0.520   0.320  -0.400  -0.860   0.820  -0.860  -0.260   0.140
   0.740   0.060   0.660  -0.100  -0.820  -0.820   0.160  -0.580   0.760  -0.560
  -0.080  -0.880  -0.400  -0.740   0.360  -1.000   0.820   0.240   0.100  -0.800
   0.180  -0.520  -0.260  -0.040   0.660   0.900  -0.180  -0.960   0.000   0.820
  -0.280   0.480  -0.600   0.920  -0.580  -0.040   0.980   0.360   0.680   0.620
  -0.320   0.060   0.980  -0.640  -0.240  -1.000   0.760  -0.460   0.340  -0.440
   0.860  -0.040   0.660  -0.860  -0.580  -0.800  -0.660  -0.740  -0.720  -0.820
  -0.680  -0.300   0.020  -1.000  -0.020  -0.620   0.120   0.960  -0.940  -0.520
  -0.840  -0.120  -0.820   0.780  -0.960   0.900   0.700   0.860  -0.140  -0.540
   0.740  -0.720  -0.940  -0.040  -1.000   0.160  -0.640   0.600   0.920   0.960
   0.620   0.780   0.960  -0.820   0.140   0.440  -0.560  -0.240   0.840  -0.240
   0.580   0.800   0.140   0.160   0.820  -0.700   0.760   0.120  -0.780  -0.960
  -0.320   0.440   0.100  -0.440  -0.080   0.240   0.720   0.500  -0.340   0.380
  -0.160  -0.120  -0.680   0.620   0.960  -0.560   0.020  -0.580   0.980   0.140
   0.520   0.840   0.780   0.500  -0.760  -1.000  -0.800  -0.940   0.380   0.220
   0.760  -0.980   0.780   0.100  -0.540  -0.960   0.700   0.640   0.700   0.760
  -0.480  -0.660   0.140  -0.360  -0.360   0.380   0.080  -0.580   0.780   0.520
  -0.420   0.360   0.840  -0.500   0.100  -0.320  -0.020  -0.180  -0.760  -0.100
   0.200  -0.640   0.060  -0.220  -0.540   0.580   0.920   0.740  -0.420  -0.020
  -0.260   0.320  -0.020   0.860   0.900   0.940  -0.680   0.720  -0.900   0.760
   0.640   0.100  -0.320  -0.720  -0.980  -0.680   0.420   0.720   0.260  -0.740
   0.100   0.700   0.060  -0.760  -0.840  -0.360  -0.100  -0.740   0.120  -0.580
   0.160  -0.080   0.640   0.620  -0.120   0.920  -0.560  -0.420   0.220  -0.300
   0.000   0.460   0.320  -0.120   0.180   0.840  -0.220   0.060  -0.520   0.080
  -0.800  -0.100  -0.020   0.720  -0.740   0.480  -0.560   0.360  -0.640   0.740
  -0.900   0.160   0.820  -0.960  -0.500   0.540  -0.720  -0.720  -0.520  -0.320
   0.480   0.440   0.180  -0.340   0.400   0.740   0.940  -0.640   0.540   0.460
   0.400   0.260   0.360   0.840   0.700  -0.960   0.600  -0.740  -0.460  -0.960
   0.980  -0.460  -0.500  -0.140  -0.520  -0.540   0.440   0.220   0.620  -0.940
  -0.360  -0.900   0.860  -0.500  -0.380   0.840  -0.160  -0.560   0.720   0.280
  -1.000   0.740   0.200  -0.740   0.480   0.400   0.400  -0.300  -0.340  -0.780
   0.200   0.920   0.340   0.700   0.000  -0.200   0.880   0.900  -0.520  -0.620
  -0.500   0.520   0.880   0.160  -0.960   0.420   0.320   0.560   0.860   0.020
   0.680  -0.640   0.280  -0.620   0.040  -1.000   0.740   0.200  -0.480  -0.800
   0.140   0.400  -0.700   0.520  -0.460  -0.140   0.160   0.280  -0.820   0.640
   0.720   0.300   0.740   0.540   0.480  -0.500  -0.460  -0.420  -0.440  -0.540
  -0.600  -0.960   0.240  -0.540   0.920  -0.260   0.220   0.900  -0.500   0.280
   0.200  -0.960  -0.680  -0.400  -0.480  -0.780   0.420  -0.780  -0.060   0.060
  -0.600   0.800  -0.520   0.760   0.260  -0.200   0.020   0.240  -0.420  -1.000
  -0.740   0.160   0.560   0.300  -0.860   0.540  -1.000   0.160  -0.220  -0.940
   0.200   0.140  -0.520   0.540  -0.840  -0.740   0.740  -0.980   0.000   0.200
  -0.440   0.860   0.680  -0.900  -0.200  -0.780  -0.920  -0.300   0.120   0.440
   0.000  -0.540   0.700   0.120  -0.680  -0.480   0.140  -0.480   0.140  -0.260
   0.420   0.380   0.220   0.920  -0.560  -0.660  -0.760  -0.660   0.920   0.700
  -0.180  -0.540  -0.420  -0.420   0.300   0.180  -0.360   0.920   0.100   0.060
   0.240   0.680  -0.320   0.080   0.440   0.140   0.380  -0.360   0.260  -0.860
   0.660  -0.780  -0.300   0.340  -0.040   0.500  -0.240  -0.540  -0.160   0.080
  -0.780  -0.180   0.500   0.180  -0.500  -0.580   0.400  -0.480  -0.320  -0.900
   0.660   0.000   0.960   0.580  -0.980   0.860  -0.320  -0.260  -0.320   0.120
   0.860   0.520  -0.900   0.240  -0.040   0.620  -1.000  -0.740  -0.180   0.100
   0.100  -0.160   0.240  -0.780   0.540  -0.520   0.560   0.040  -0.140   0.920
   0.460  -0.200  -0.740   0.500   0.440  -0.640  -0.800  -0.660  -0.360  -0.760
   0.900   0.380  -0.380  -0.200   0.760   0.700   0.800   0.940   0.780   0.800
  -0.100   0.060  -0.720   0.020  -0.200  -0.120   0.160  -0.300   0.180   0.840
  -0.900   0.280   0.620  -0.940  -0.420   0.500  -0.840   0.840   0.940  -0.020
   0.120   0.220  -0.460   0.340  -0.180  -0.420  -0.200  -0.740   0.480  -0.980
   0.540  -0.700   0.660  -0.740   0.840  -0.520  -0.980   0.840   0.180   0.400
  -0.440  -0.460   0.680   0.500   0.720   0.960   0.400   0.740  -0.060  -0.920
  -0.940  -0.580   0.260  -0.880   0.260  -0.800   0.420   0.780  -0.200   0.280
  -0.160  -0.620  -0.740   0.820  -0.920  -0.640  -0.360   0.000  -0.900   0.500
  -0.220  -0.940  -0.560   0.960  -0.060   0.680  -0.040   0.420   0.280  -0.740
   0.500  -0.100  -0.760  -0.080   0.560   0.380   0.240  -0.620   0.700   0.780
  -0.120   0.300  -0.200  -0.100  -0.840  -0.640   0.400  -0.980  -0.540  -0.360
   0.440   0.040   0.740   0.400   0.260  -0.980  -0.940  -0.540  -0.460  -1.000
   0.380  -0.700   0.300  -0.440  -0.140  -0.060   0.760  -0.140  -0.260  -0.820
   0.260  -0.020   0.620   0.760  -0.160  -0.840   0.200  -0.580   0.160   0.080
   0.760  -0.080   0.800  -0.020  -0.140  -0.400  -0.600  -0.040   0.340  -0.280
   0.660  -0.300  -0.480   0.700  -0.240   0.060  -0.420  -0.520  -0.040  -0.540
   0.180   0.140   0.320  -0.120   0.100  -0.640  -0.480  -0.780  -0.500   0.100
  -0.980  -0.020   0.920   0.680  -0.700   0.280  -0.160   0.500  -0.740  -0.160
   0.920  -0.040   0.440  -0.480  -0.880   0.460  -0.420  -0.920  -0.900  -0.480
  -0.760   0.500   0.860   0.300  -0.280  -0.280  -0.180  -0.720   0.880   0.120
   0.040  -0.280  -0.240   0.640   0.100  -0.700  -0.380  -0.400  -0.180  -0.500
  -0.780  -0.260   0.720   0.800   0.000   0.240  -0.320   0.860   0.060  -0.680
   0.040  -0.840   0.240  -0.340   0.080  -0.940  -0.320  -0.940   0.120  -0.040
  -0.520  -0.660  -0.740  -0.820  -0.440  -1.000   0.600  -0.640   0.160   0.000
   0.100   0.220   0.280  -0.940   0.520  -0.140  -0.820  -0.960   0.220   0.780
  -0.040   0.640   0.060   0.480  -0.600  -0.960  -0.540  -0.380   0.380   0.560
   0.180  -0.840  -0.620   0.420  -0.940  -0.100   0.620  -0.920   0.840   0.700
  -0.740   0.960   0.780  -0.560  -0.240  -0.260  -0.800   0.220  -0.320  -0.840
   0.220   0.180   0.860  -0.700   0.380  -0.260   0.380   0.160  -1.000   0.420
   0.280  -0.660  -0.700   0.100  -0.700  -0.400  -0.220  -0.760   0.760   0.640
   0.080   0.700  -0.800   0.680   0.480   0.600  -0.700   0.020  -0.180  -0.700
   0.580  -0.800   0.960   0.460   0.760   0.540  -0.360   0.120   0.780  -0.740
  -0.840  -0.180   0.800  -0.540   0.260  -0.440   0.680   0.560  -1.000   0.420
   0.700   0.480   0.420  -0.340   0.340   0.060   0.900   0.360  -0.500   0.520
  -0.420   0.000   0.960  -0.820   0.860   0.720   0.600  -0.680  -0.020   0.340
  -0.440   0.580   0.280  -0.580  -0.900  -0.480  -0.680  -0.680  -0.480   0.320
   0.740   0.620   0.280  -0.200   0.720  -0.580   0.240  -0.580   0.280  -0.820
  -0.700  -0.960   0.460  -0.520  -0.180  -0.100   0.240  -0.540  -0.380  -0.880
   0.360  -0.640  -0.960  -0.860  -0.860   0.620  -0.760  -0.280  -0.400  -0.720
  -0.820   0.680   0.120   0.800   0.860   0.920   0.040   0.080  -0.100  -0.840
  -0.040   0.820  -0.760  -0.380  -0.720  -0.220   0.160  -0.560  -0.920   0.900
   0.040   0.380   0.580  -0.240  -0.540  -0.640   0.320   0.180   0.960   0.720
   0.920   0.240  -0.340   0.160  -0.560  -0.080   0.840  -0.260  -0.500  -0.060
   0.160  -0.960  -0.860   0.960  -0.400   0.840  -1.000   0.560   0.980   0.040
  -0.040   0.640  -0.200  -0.700   0.500   0.240   0.340  -0.280   0.940  -0.640
   0.940  -0.440   0.020  -0.680  -0.400  -0.020  -0.500   0.160  -0.420  -0.600
  -0.200   0.200  -0.060   0.240   0.100   0.500   0.840   0.220   0.080   0.960
  -0.080  -0.720  -0.080   0.760   0.380  -0.240   0.260   0.500  -0.700  -0.580
   0.500  -0.700  -0.440  -0.320   0.400  -0.900   0.280   0.140   0.240   0.220
  -0.520  -0.020   0.380  -0.400  -0.540   0.000  -0.340  -0.500  -0.800  -0.260
  -0.280  -0.260   0.560   0.860  -0.280  -0.720   0.280   0.820  -0.020  -0.300
  -0.900  -0.260  -0.920  -0.260  -0.540   0.280   0.400  -0.840   0.360   0.620
   0.700   0.040   0.460   0.040   0.880   0.520  -0.480   0.920   0.440  -0.020
  -0.200   0.480  -0.620  -0.140  -0.780  -0.180   0.780  -0.620   0.300  -0.900
   0.700  -0.680   0.000  -0.700  -0.820   0.280   0.320   0.860   0.480  -0.820
  -1.000   0.900   0.460   0.780   0.220   0.440   0.360   0.160  -0.380   0.360
  -0.480  -0.800  -0.560   0.480   0.580  -0.800   0.040   0.640   0.820   0.900
   0.280   0.480   0.280  -0.960   0.100   0.200   0.480   0.440  -0.580  -0.560
  -0.060   0.540   0.780  -0.900   0.900   0.880   0.000  -0.140   0.080   0.620
  -0.760   0.440  -0.220  -0.440  -0.760   0.240   0.340  -0.840  -0.700  -0.840
  -0.540   0.180  -0.320  -0.920   0.720  -0.620   0.160  -0.100  -0.880   0.320
  -1.000   0.340   0.840   0.740  -0.360   0.120   0.480  -0.060  -0.580   0.660
  -0.560  -0.380   0.520   0.660  -0.040  -0.540   0.640  -0.640   0.520  -0.600
  -0.780   0.640   0.120   0.800  -0.500  -0.520   0.720   0.540   0.380  -0.140
  -0.320   0.540   0.360   0.360   0.820   0.920   0.660  -0.440  -0.460  -0.480
   0.420   0.940  -0.760  -0.940  -0.460  -0.840  -0.100  -0.840   0.700  -0.240
  -0.260  -0.140  -0.740  -0.980   0.000  -0.440  -0.780   0.000  -0.020   0.840
   0.080   0.380   0.620   0.300   0.340  -0.740   0.860  -0.320   0.440   0.440
  -0.400  -0.980  -0.160   0.540   0.540   0.400  -0.960   0.280   0.620   0.800
  -0.540  -0.260  -0.540   0.580   0.900   0.380  -0.460  -0.160  -0.800   0.640
   0.160  -0.480   0.740   0.400  -0.440   0.020   0.160  -0.740   0.200   0.660
   0.720  -0.160  -0.800   0.440  -0.440  -0.320  -0.180  -0.640  -0.940   0.340
   0.300  -0.240   0.620   0.140   0.000  -0.720   0.960   0.160   0.220   0.260
   0.120  -0.860   0.560   0.780  -0.300   0.300   0.500   0.720   0.720  -0.340
   0.200  -0.400  -0.040  -0.440   0.840  -0.340  -0.200   0.320  -0.300  -0.800
   0.980  -0.260   0.840   0.640  -0.440   0.040   0.380  -0.120   0.880  -0.840
   0.040  -0.060  -0.360  -0.300  -0.840   0.280   0.940  -0.140  -0.020  -0.700
  -0.180   0.780  -1.000  -0.760  -0.040  -0.540   0.020   0.480  -0.340   0.820
  -1.000   0.080   0.800   0.940  -0.620   0.600   0.560  -0.380  -0.120  -0.200
   0.740   0.980  -0.500   0.660  -0.240   0.840   0.860   0.040  -0.780   0.200
  -0.320  -0.200   0.940   0.700  -0.420  -0.200  -0.900   0.820   0.840  -0.800
  -0.020   0.560   0.580   0.420   0.540   0.460   0.860  -0.600   0.940  -0.480
   0.520   0.800   0.640   0.560   0.180  -0.640   0.780   0.180  -0.020  -0.520
   0.440   0.600  -0.840   0.340  -0.840   0.540  -0.940   0.400  -0.860   0.920
   0.480  -0.560  -0.780  -0.620   0.220   0.120   0.800   0.260   0.660  -0.680
  -0.360   0.040  -0.180   0.080  -0.740   0.240   0.920   0.200  -0.700  -0.920
   0.980  -0.280   0.600   0.960  -0.360   0.740   0.680  -0.200  -0.660  -0.880
   0.400  -0.180   0.640  -0.020  -0.540   0.160  -0.900  -0.580   0.900   0.920
  -0.680   0.560   0.560   0.580   0.160   0.540   0.000  -0.860  -0.420   0.620
   0.900   0.560   0.520   0.060   0.980   0.680   0.300   0.860  -0.840   0.440
  -0.140  -0.420  -0.720   0.360   0.100   0.820   0.460  -0.560  -0.040   0.020
   0.720  -0.120  -0.080   0.540  -0.660  -0.420  -0.680   0.480   0.820   0.380
  -0.760  -0.080   0.860   0.820  -0.700  -0.020   0.140  -0.200   0.040  -0.280
   0.020   0.740  -0.480   0.240   0.100   0.660   0.880   0.600   0.940   0.300
   0.300  -0.740   0.220   0.560   0.560   0.560  -0.200  -0.780  -0.060  -0.100
   0.400   0.500   0.780   0.000  -0.020  -0.340   0.300  -0.720   0.640  -0.860
  -0.360   0.920   0.340  -0.560   0.640  -0.800  -0.180  -0.380   0.740  -0.900
   0.580  -0.580  -0.240   0.020  -0.060  -0.840  -0.080   0.520   0.180   0.780
  -0.560   0.320   0.720   0.100  -0.440  -0.720   0.200   0.060   0.540  -0.040
  -0.940   0.220  -0.380   0.640   0.100   0.940  -0.880   0.040  -0.580   0.920
   0.620  -0.580   0.100  -0.060  -0.520  -0.640  -0.300   0.520   0.480   0.180
   0.960   0.480   0.060  -0.560  -0.300  -0.140   0.760   0.060  -0.360  -0.060
   0.600  -0.480   0.560   0.000  -0.980   0.220   0.980   0.100   0.260  -0.680
   0.460   0.220  -0.100   0.460   0.480   0.000   0.060   0.620   0.740   0.980
  -0.800  -0.140   0.300   0.440  -0.420   0.620  -0.760   0.520   0.620  -0.060
   0.800   0.420  -0.900   0.440  -0.360   0.780  -0.600   0.300  -0.380   0.160
   0.860  -0.880   0.560  -0.040  -0.880   0.420   0.320   0.920   0.940  -0.600
   0.880  -0.420   0.760  -0.820   0.680   0.380   0.560  -0.660  -0.700  -0.480
   0.680   0.360  -0.880  -0.440   0.940  -0.640   0.800   0.980   0.700   0.720
   0.980  -0.600  -0.800   0.420  -0.740  -0.700   0.700  -0.640   0.600  -0.380
   0.340   0.740  -0.120   0.720  -0.860   0.200  -0.460   0.480  -0.380   0.040
   0.420   0.360   0.860   0.700  -0.260  -0.780  -0.920   0.540  -0.880   0.360
  -0.560  -0.740  -1.000  -0.160  -0.260  -0.240   0.760   0.100   0.780  -0.060
   0.620   0.860   0.680   0.740   0.220   0.860  -0.660  -0.980   0.640  -0.060
   0.300   0.060  -0.920   0.680   0.900  -0.500  -0.580   0.280   0.620   0.440
  -0.880   0.120  -0.140   0.860   0.600   0.600   0.360  -0.780  -0.740   0.360
   0.020  -0.680   0.580   0.360  -0.200  -0.380  -0.340   0.580   0.260   0.180
   0.060  -0.280   0.900   0.300   0.480  -0.600  -0.300   0.600   0.520   0.100
  -0.500   0.420  -0.840   0.180   0.120  -0.960  -0.360  -0.900  -0.200   0.500
   0.240   0.700   0.240   0.600  -0.280   0.940  -0.960  -0.840   0.600  -0.200
   0.520   0.160   0.860  -0.200  -0.080   0.480   0.460   0.940   0.600  -0.300
   0.440  -1.000  -0.860   0.100   0.320  -0.180   0.760   0.620   0.360  -0.700
   0.920  -0.500  -0.820  -0.760  -0.280   0.100   0.240  -0.140  -0.160  -0.580
  -0.560  -0.760  -0.040  -0.640   0.360  -0.660  -0.720   0.000   0.800  -0.300
   0.180   0.380   0.900  -0.940  -0.200   0.580   0.980  -0.900   0.820   0.220
   0.620   0.040   0.060  -0.340  -0.420   0.740  -0.160   0.060   0.660  -0.600
  -0.720  -0.640  -0.120   0.260  -0.420   0.040   0.280   0.380   0.400  -0.900
  -0.060   0.880   0.740  -0.480   0.520  -0.540  -0.200   0.580   0.800   0.760
  -0.800   0.420  -0.100  -0.580   0.400   0.660   0.780   0.100   0.560   0.580
  -0.880   0.240  -0.300   0.740   0.920  -0.340   0.760  -0.300   0.580   0.860
   0.800   0.240   0.300  -0.980  -0.900  -0.860   0.340   0.380  -0.320   0.420
   0.140   0.960  -0.100   0.940  -0.640  -0.240  -0.120   0.440   0.260  -0.440
   0.280  -0.980  -0.540   0.800  -0.920  -0.980  -0.460   0.940   0.840   0.420
   0.260  -0.980   0.260  -0.580   0.300  -0.580  -0.100  -0.800   0.900  -0.180
  -0.560  -0.760   0.020  -0.700   0.100   0.860  -0.240   0.580   0.640 

Otsortirovannaia posledovatelnost'

  -1.000  -1.000  -1.000  -1.000  -1.000  -1.000  -1.000  -1.000  -1.000  -1.000
  -1.000  -1.000  -1.000  -1.000  -1.000  -1.000  -1.000  -1.000  -1.000  -1.000
  -1.000  -0.980  -0.980  -0.980  -0.980  -0.980  -0.980  -0.980  -0.980  -0.980
  -0.980  -0.980  -0.980  -0.980  -0.980  -0.980  -0.980  -0.980  -0.980  -0.960
  -0.960  -0.960  -0.960  -0.960  -0.960  -0.960  -0.960  -0.960  -0.960  -0.960
  -0.960  -0.960  -0.960  -0.960  -0.960  -0.960  -0.960  -0.960  -0.960  -0.940
  -0.940  -0.940  -0.940  -0.940  -0.940  -0.940  -0.940  -0.940  -0.940  -0.940
  -0.940  -0.940  -0.940  -0.940  -0.940  -0.940  -0.940  -0.940  -0.920  -0.920
  -0.920  -0.920  -0.920  -0.920  -0.920  -0.920  -0.920  -0.920  -0.920  -0.920
  -0.920  -0.920  -0.900  -0.900  -0.900  -0.900  -0.900  -0.900  -0.900  -0.900
  -0.900  -0.900  -0.900  -0.900  -0.900  -0.900  -0.900  -0.900  -0.900  -0.900
  -0.900  -0.900  -0.900  -0.900  -0.900  -0.900  -0.880  -0.880  -0.880  -0.880
  -0.880  -0.880  -0.880  -0.880  -0.880  -0.880  -0.880  -0.880  -0.880  -0.880
  -0.880  -0.880  -0.860  -0.860  -0.860  -0.860  -0.860  -0.860  -0.860  -0.860
  -0.860  -0.860  -0.860  -0.860  -0.860  -0.860  -0.860  -0.840  -0.840  -0.840
  -0.840  -0.840  -0.840  -0.840  -0.840  -0.840  -0.840  -0.840  -0.840  -0.840
  -0.840  -0.840  -0.840  -0.840  -0.840  -0.840  -0.840  -0.840  -0.840  -0.840
  -0.840  -0.840  -0.820  -0.820  -0.820  -0.820  -0.820  -0.820  -0.820  -0.820
  -0.820  -0.820  -0.820  -0.820  -0.820  -0.820  -0.820  -0.820  -0.800  -0.800
  -0.800  -0.800  -0.800  -0.800  -0.800  -0.800  -0.800  -0.800  -0.800  -0.800
  -0.800  -0.800  -0.800  -0.800  -0.800  -0.800  -0.800  -0.800  -0.800  -0.800
  -0.780  -0.780  -0.780  -0.780  -0.780  -0.780  -0.780  -0.780  -0.780  -0.780
  -0.780  -0.780  -0.780  -0.780  -0.780  -0.780  -0.780  -0.780  -0.780  -0.780
  -0.760  -0.760  -0.760  -0.760  -0.760  -0.760  -0.760  -0.760  -0.760  -0.760
  -0.760  -0.760  -0.760  -0.760  -0.760  -0.760  -0.760  -0.760  -0.760  -0.760
  -0.760  -0.740  -0.740  -0.740  -0.740  -0.740  -0.740  -0.740  -0.740  -0.740
  -0.740  -0.740  -0.740  -0.740  -0.740  -0.740  -0.740  -0.740  -0.740  -0.740
  -0.740  -0.740  -0.740  -0.740  -0.740  -0.740  -0.740  -0.740  -0.720  -0.720
  -0.720  -0.720  -0.720  -0.720  -0.720  -0.720  -0.720  -0.720  -0.720  -0.720
  -0.720  -0.720  -0.720  -0.720  -0.720  -0.700  -0.700  -0.700  -0.700  -0.700
  -0.700  -0.700  -0.700  -0.700  -0.700  -0.700  -0.700  -0.700  -0.700  -0.700
  -0.700  -0.700  -0.700  -0.700  -0.700  -0.700  -0.700  -0.700  -0.700  -0.700
  -0.680  -0.680  -0.680  -0.680  -0.680  -0.680  -0.680  -0.680  -0.680  -0.680
  -0.680  -0.680  -0.680  -0.680  -0.680  -0.680  -0.680  -0.680  -0.680  -0.660
  -0.660  -0.660  -0.660  -0.660  -0.660  -0.660  -0.660  -0.660  -0.660  -0.660
  -0.660  -0.640  -0.640  -0.640  -0.640  -0.640  -0.640  -0.640  -0.640  -0.640
  -0.640  -0.640  -0.640  -0.640  -0.640  -0.640  -0.640  -0.640  -0.640  -0.640
  -0.640  -0.640  -0.640  -0.640  -0.640  -0.640  -0.620  -0.620  -0.620  -0.620
  -0.620  -0.620  -0.620  -0.620  -0.620  -0.620  -0.620  -0.600  -0.600  -0.600
  -0.600  -0.600  -0.600  -0.600  -0.600  -0.600  -0.600  -0.600  -0.600  -0.600
  -0.580  -0.580  -0.580  -0.580  -0.580  -0.580  -0.580  -0.580  -0.580  -0.580
  -0.580  -0.580  -0.580  -0.580  -0.580  -0.580  -0.580  -0.580  -0.580  -0.580
  -0.580  -0.580  -0.580  -0.580  -0.580  -0.580  -0.560  -0.560  -0.560  -0.560
  -0.560  -0.560  -0.560  -0.560  -0.560  -0.560  -0.560  -0.560  -0.560  -0.560
  -0.560  -0.560  -0.560  -0.560  -0.560  -0.560  -0.560  -0.560  -0.560  -0.540
  -0.540  -0.540  -0.540  -0.540  -0.540  -0.540  -0.540  -0.540  -0.540  -0.540
  -0.540  -0.540  -0.540  -0.540  -0.540  -0.540  -0.540  -0.540  -0.540  -0.540
  -0.540  -0.540  -0.540  -0.540  -0.540  -0.540  -0.540  -0.540  -0.520  -0.520
  -0.520  -0.520  -0.520  -0.520  -0.520  -0.520  -0.520  -0.520  -0.520  -0.520
  -0.520  -0.520  -0.520  -0.520  -0.520  -0.520  -0.520  -0.520  -0.500  -0.500
  -0.500  -0.500  -0.500  -0.500  -0.500  -0.500  -0.500  -0.500  -0.500  -0.500
  -0.500  -0.500  -0.500  -0.500  -0.500  -0.500  -0.500  -0.480  -0.480  -0.480
  -0.480  -0.480  -0.480  -0.480  -0.480  -0.480  -0.480  -0.480  -0.480  -0.480
  -0.480  -0.480  -0.480  -0.480  -0.480  -0.480  -0.480  -0.480  -0.480  -0.480
  -0.460  -0.460  -0.460  -0.460  -0.460  -0.460  -0.460  -0.460  -0.460  -0.460
  -0.460  -0.460  -0.460  -0.460  -0.460  -0.440  -0.440  -0.440  -0.440  -0.440
  -0.440  -0.440  -0.440  -0.440  -0.440  -0.440  -0.440  -0.440  -0.440  -0.440
  -0.440  -0.440  -0.440  -0.440  -0.440  -0.440  -0.420  -0.420  -0.420  -0.420
  -0.420  -0.420  -0.420  -0.420  -0.420  -0.420  -0.420  -0.420  -0.420  -0.420
  -0.420  -0.420  -0.420  -0.420  -0.420  -0.420  -0.420  -0.420  -0.420  -0.420
  -0.420  -0.420  -0.400  -0.400  -0.400  -0.400  -0.400  -0.400  -0.400  -0.400
  -0.400  -0.400  -0.400  -0.400  -0.400  -0.380  -0.380  -0.380  -0.380  -0.380
  -0.380  -0.380  -0.380  -0.380  -0.380  -0.380  -0.380  -0.380  -0.380  -0.380
  -0.380  -0.380  -0.360  -0.360  -0.360  -0.360  -0.360  -0.360  -0.360  -0.360
  -0.360  -0.360  -0.360  -0.360  -0.360  -0.360  -0.360  -0.360  -0.360  -0.360
  -0.340  -0.340  -0.340  -0.340  -0.340  -0.340  -0.340  -0.340  -0.340  -0.340
  -0.340  -0.340  -0.340  -0.340  -0.340  -0.340  -0.320  -0.320  -0.320  -0.320
  -0.320  -0.320  -0.320  -0.320  -0.320  -0.320  -0.320  -0.320  -0.320  -0.320
  -0.320  -0.320  -0.320  -0.320  -0.320  -0.320  -0.300  -0.300  -0.300  -0.300
  -0.300  -0.300  -0.300  -0.300  -0.300  -0.300  -0.300  -0.300  -0.300  -0.300
  -0.300  -0.300  -0.300  -0.300  -0.300  -0.300  -0.280  -0.280  -0.280  -0.280
  -0.280  -0.280  -0.280  -0.280  -0.280  -0.280  -0.280  -0.280  -0.280  -0.280
  -0.280  -0.280  -0.260  -0.260  -0.260  -0.260  -0.260  -0.260  -0.260  -0.260
  -0.260  -0.260  -0.260  -0.260  -0.260  -0.260  -0.260  -0.260  -0.260  -0.260
  -0.260  -0.260  -0.260  -0.260  -0.240  -0.240  -0.240  -0.240  -0.240  -0.240
  -0.240  -0.240  -0.240  -0.240  -0.240  -0.240  -0.240  -0.240  -0.240  -0.240
  -0.240  -0.240  -0.220  -0.220  -0.220  -0.220  -0.220  -0.220  -0.220  -0.220
  -0.220  -0.200  -0.200  -0.200  -0.200  -0.200  -0.200  -0.200  -0.200  -0.200
  -0.200  -0.200  -0.200  -0.200  -0.200  -0.200  -0.200  -0.200  -0.200  -0.200
  -0.200  -0.200  -0.200  -0.200  -0.200  -0.200  -0.200  -0.200  -0.200  -0.180
  -0.180  -0.180  -0.180  -0.180  -0.180  -0.180  -0.180  -0.180  -0.180  -0.180
  -0.180  -0.180  -0.180  -0.180  -0.180  -0.180  -0.180  -0.180  -0.180  -0.180
  -0.180  -0.180  -0.180  -0.160  -0.160  -0.160  -0.160  -0.160  -0.160  -0.160
  -0.160  -0.160  -0.160  -0.160  -0.160  -0.160  -0.160  -0.160  -0.160  -0.160
  -0.140  -0.140  -0.140  -0.140  -0.140  -0.140  -0.140  -0.140  -0.140  -0.140
  -0.140  -0.140  -0.140  -0.140  -0.140  -0.140  -0.140  -0.140  -0.120  -0.120
  -0.120  -0.120  -0.120  -0.120  -0.120  -0.120  -0.120  -0.120  -0.120  -0.120
  -0.120  -0.120  -0.120  -0.100  -0.100  -0.100  -0.100  -0.100  -0.100  -0.100
  -0.100  -0.100  -0.100  -0.100  -0.100  -0.100  -0.100  -0.100  -0.100  -0.100
  -0.100  -0.100  -0.080  -0.080  -0.080  -0.080  -0.080  -0.080  -0.080  -0.080
  -0.080  -0.080  -0.080  -0.080  -0.080  -0.060  -0.060  -0.060  -0.060  -0.060
  -0.060  -0.060  -0.060  -0.060  -0.060  -0.060  -0.060  -0.060  -0.060  -0.060
  -0.060  -0.060  -0.060  -0.060  -0.040  -0.040  -0.040  -0.040  -0.040  -0.040
  -0.040  -0.040  -0.040  -0.040  -0.040  -0.040  -0.040  -0.040  -0.040  -0.040
  -0.040  -0.040  -0.040  -0.040  -0.040  -0.040  -0.040  -0.020  -0.020  -0.020
  -0.020  -0.020  -0.020  -0.020  -0.020  -0.020  -0.020  -0.020  -0.020  -0.020
  -0.020  -0.020  -0.020  -0.020  -0.020  -0.020  -0.020  -0.020   0.000   0.000
   0.000   0.000   0.000   0.000   0.000   0.000   0.000   0.000   0.000   0.000
   0.000   0.000   0.000   0.000   0.000   0.000   0.000   0.000   0.000   0.000
   0.000   0.000   0.020   0.020   0.020   0.020   0.020   0.020   0.020   0.020
   0.020   0.020   0.020   0.020   0.020   0.020   0.040   0.040   0.040   0.040
   0.040   0.040   0.040   0.040   0.040   0.040   0.040   0.040   0.040   0.040
   0.040   0.040   0.040   0.040   0.040   0.040   0.040   0.060   0.060   0.060
   0.060   0.060   0.060   0.060   0.060   0.060   0.060   0.060   0.060   0.060
   0.060   0.060   0.060   0.060   0.060   0.060   0.060   0.060   0.060   0.060
   0.080   0.080   0.080   0.080   0.080   0.080   0.080   0.080   0.080   0.080
   0.080   0.080   0.080   0.080   0.100   0.100   0.100   0.100   0.100   0.100
   0.100   0.100   0.100   0.100   0.100   0.100   0.100   0.100   0.100   0.100
   0.100   0.100   0.100   0.100   0.100   0.100   0.100   0.100   0.100   0.100
   0.100   0.100   0.100   0.100   0.120   0.120   0.120   0.120   0.120   0.120
   0.120   0.120   0.120   0.120   0.120   0.120   0.120   0.120   0.120   0.120
   0.120   0.120   0.140   0.140   0.140   0.140   0.140   0.140   0.140   0.140
   0.140   0.140   0.140   0.140   0.140   0.140   0.140   0.140   0.160   0.160
   0.160   0.160   0.160   0.160   0.160   0.160   0.160   0.160   0.160   0.160
   0.160   0.160   0.160   0.160   0.160   0.160   0.160   0.160   0.160   0.160
   0.160   0.160   0.160   0.160   0.160   0.160   0.180   0.180   0.180   0.180
   0.180   0.180   0.180   0.180   0.180   0.180   0.180   0.180   0.180   0.180
   0.180   0.180   0.180   0.180   0.180   0.180   0.200   0.200   0.200   0.200
   0.200   0.200   0.200   0.200   0.200   0.200   0.200   0.200   0.200   0.200
   0.200   0.200   0.220   0.220   0.220   0.220   0.220   0.220   0.220   0.220
   0.220   0.220   0.220   0.220   0.220   0.220   0.220   0.220   0.220   0.220
   0.220   0.220   0.220   0.220   0.220   0.240   0.240   0.240   0.240   0.240
   0.240   0.240   0.240   0.240   0.240   0.240   0.240   0.240   0.240   0.240
   0.240   0.240   0.240   0.240   0.240   0.240   0.240   0.240   0.240   0.240
   0.240   0.260   0.260   0.260   0.260   0.260   0.260   0.260   0.260   0.260
   0.260   0.260   0.260   0.260   0.260   0.260   0.260   0.260   0.260   0.280
   0.280   0.280   0.280   0.280   0.280   0.280   0.280   0.280   0.280   0.280
   0.280   0.280   0.280   0.280   0.280   0.280   0.280   0.280   0.280   0.280
   0.280   0.280   0.280   0.280   0.280   0.280   0.300   0.300   0.300   0.300
   0.300   0.300   0.300   0.300   0.300   0.300   0.300   0.300   0.300   0.300
   0.300   0.300   0.300   0.300   0.300   0.300   0.320   0.320   0.320   0.320
   0.320   0.320   0.320   0.320   0.320   0.320   0.320   0.320   0.320   0.320
   0.340   0.340   0.340   0.340   0.340   0.340   0.340   0.340   0.340   0.340
   0.340   0.340   0.340   0.340   0.340   0.340   0.340   0.340   0.340   0.360
   0.360   0.360   0.360   0.360   0.360   0.360   0.360   0.360   0.360   0.360
   0.360   0.360   0.360   0.360   0.360   0.360   0.360   0.360   0.360   0.360
   0.360   0.380   0.380   0.380   0.380   0.380   0.380   0.380   0.380   0.380
   0.380   0.380   0.380   0.380   0.380   0.380   0.380   0.380   0.380   0.380
   0.380   0.380   0.380   0.380   0.380   0.380   0.400   0.400   0.400   0.400
   0.400   0.400   0.400   0.400   0.400   0.400   0.400   0.400   0.400   0.400
   0.400   0.400   0.400   0.400   0.400   0.400   0.400   0.420   0.420   0.420
   0.420   0.420   0.420   0.420   0.420   0.420   0.420   0.420   0.420   0.420
   0.420   0.420   0.420   0.420   0.420   0.420   0.420   0.420   0.440   0.440
   0.440   0.440   0.440   0.440   0.440   0.440   0.440   0.440   0.440   0.440
   0.440   0.440   0.440   0.440   0.440   0.440   0.440   0.440   0.440   0.440
   0.440   0.440   0.460   0.460   0.460   0.460   0.460   0.460   0.460   0.460
   0.460   0.460   0.460   0.460   0.460   0.460   0.460   0.460   0.480   0.480
   0.480   0.480   0.480   0.480   0.480   0.480   0.480   0.480   0.480   0.480
   0.480   0.480   0.480   0.480   0.480   0.480   0.480   0.480   0.480   0.480
   0.480   0.480   0.480   0.500   0.500   0.500   0.500   0.500   0.500   0.500
   0.500   0.500   0.500   0.500   0.500   0.500   0.500   0.500   0.500   0.500
   0.500   0.520   0.520   0.520   0.520   0.520   0.520   0.520   0.520   0.520
   0.520   0.520   0.520   0.520   0.520   0.520   0.520   0.520   0.520   0.520
   0.540   0.540   0.540   0.540   0.540   0.540   0.540   0.540   0.540   0.540
   0.540   0.540   0.540   0.540   0.540   0.540   0.540   0.540   0.540   0.540
   0.540   0.560   0.560   0.560   0.560   0.560   0.560   0.560   0.560   0.560
   0.560   0.560   0.560   0.560   0.560   0.560   0.560   0.560   0.560   0.560
   0.560   0.560   0.560   0.560   0.560   0.580   0.580   0.580   0.580   0.580
   0.580   0.580   0.580   0.580   0.580   0.580   0.580   0.580   0.580   0.580
   0.580   0.580   0.580   0.600   0.600   0.600   0.600   0.600   0.600   0.600
   0.600   0.600   0.600   0.600   0.600   0.600   0.600   0.600   0.600   0.600
   0.620   0.620   0.620   0.620   0.620   0.620   0.620   0.620   0.620   0.620
   0.620   0.620   0.620   0.620   0.620   0.620   0.620   0.620   0.620   0.620
   0.620   0.620   0.620   0.620   0.620   0.620   0.640   0.640   0.640   0.640
   0.640   0.640   0.640   0.640   0.640   0.640   0.640   0.640   0.640   0.640
   0.640   0.640   0.640   0.640   0.640   0.640   0.640   0.640   0.660   0.660
   0.660   0.660   0.660   0.660   0.660   0.660   0.660   0.660   0.660   0.660
   0.660   0.660   0.660   0.660   0.680   0.680   0.680   0.680   0.680   0.680
   0.680   0.680   0.680   0.680   0.680   0.680   0.680   0.680   0.680   0.680
   0.680   0.700   0.700   0.700   0.700   0.700   0.700   0.700   0.700   0.700
   0.700   0.700   0.700   0.700   0.700   0.700   0.700   0.700   0.700   0.700
   0.700   0.700   0.700   0.720   0.720   0.720   0.720   0.720   0.720   0.720
   0.720   0.720   0.720   0.720   0.720   0.720   0.720   0.720   0.720   0.720
   0.720   0.720   0.720   0.720   0.720   0.740   0.740   0.740   0.740   0.740
   0.740   0.740   0.740   0.740   0.740   0.740   0.740   0.740   0.740   0.740
   0.740   0.740   0.740   0.740   0.740   0.740   0.740   0.740   0.740   0.760
   0.760   0.760   0.760   0.760   0.760   0.760   0.760   0.760   0.760   0.760
   0.760   0.760   0.760   0.760   0.760   0.760   0.760   0.760   0.760   0.760
   0.780   0.780   0.780   0.780   0.780   0.780   0.780   0.780   0.780   0.780
   0.780   0.780   0.780   0.780   0.780   0.780   0.780   0.780   0.780   0.780
   0.780   0.780   0.800   0.800   0.800   0.800   0.800   0.800   0.800   0.800
   0.800   0.800   0.800   0.800   0.800   0.800   0.800   0.800   0.800   0.800
   0.800   0.800   0.800   0.800   0.820   0.820   0.820   0.820   0.820   0.820
   0.820   0.820   0.820   0.820   0.820   0.820   0.820   0.820   0.820   0.820
   0.820   0.820   0.840   0.840   0.840   0.840   0.840   0.840   0.840   0.840
   0.840   0.840   0.840   0.840   0.840   0.840   0.840   0.840   0.840   0.840
   0.840   0.840   0.840   0.840   0.860   0.860   0.860   0.860   0.860   0.860
   0.860   0.860   0.860   0.860   0.860   0.860   0.860   0.860   0.860   0.860
   0.860   0.860   0.860   0.860   0.860   0.860   0.860   0.860   0.860   0.860
   0.860   0.860   0.860   0.880   0.880   0.880   0.880   0.880   0.880   0.880
   0.880   0.880   0.880   0.900   0.900   0.900   0.900   0.900   0.900   0.900
   0.900   0.900   0.900   0.900   0.900   0.900   0.900   0.900   0.900   0.900
   0.900   0.900   0.900   0.920   0.920   0.920   0.920   0.920   0.920   0.920
   0.920   0.920   0.920   0.920   0.920   0.920   0.920   0.920   0.920   0.920
   0.920   0.920   0.920   0.920   0.920   0.920   0.920   0.940   0.940   0.940
   0.940   0.940   0.940   0.940   0.940   0.940   0.940   0.940   0.940   0.940
   0.940   0.940   0.940   0.940   0.940   0.940   0.940   0.960   0.960   0.960
   0.960   0.960   0.960   0.960   0.960   0.960   0.960   0.960   0.960   0.960
   0.960   0.960   0.960   0.960   0.980   0.980   0.980   0.980   0.980   0.980
   0.980   0.980   0.980   0.980   0.980   0.980   0.980   0.980   0.980 