-0.03490     0.03636
0.02002     -0.01834
0.02356     0.01258
-0.01266     -0.02774
-0.02196     -0.00294
-0.02292     -0.01432
-0.00430     -0.01538
-0.03114     -0.01440
0.00084     0.00224
0.00428     0.03048
0.02982     -0.00720
-0.02396     0.00352
-0.01734     -0.01636
0.03230     -0.01384
-0.02736     0.01554
-0.00646     -0.01400
-0.02528     0.00342
-0.01096     0.00170
0.00786     -0.02334
-0.02092     -0.00542
0.00002     0.00296
-0.03024     0.00102
-0.00786     -0.00444
-0.03028     -0.01426
-0.02380     -0.02788
-0.04888     0.01462
-0.02872     0.00492
-0.03794     -0.02600
-0.01204     -0.00758
0.00636     0.01422
0.01804     -0.03114
0.00988     -0.03126
-0.00964     -0.01204
-0.05066     -0.01258
-0.00124     -0.01896
0.01322     0.00170
-0.00748     0.00480
-0.03364     -0.02736
-0.03896     -0.01336
0.01132     -0.02338
-0.00056     0.00914
-0.00542     -0.01698
-0.03226     0.00002
-0.01322     0.01074
-0.04532     0.00474
-0.02770     -0.01394
-0.01978     -0.03358
-0.02228     -0.01762
-0.00204     -0.00280
0.01382     -0.05072
-0.00994     -0.03586
-0.00446     -0.04406
0.00358     -0.03232
-0.02846     -0.01922
0.00678     0.01160
0.00752     -0.02584
0.00336     -0.03476
-0.00478     -0.02328
-0.03392     -0.01306
0.01512     -0.02328
-0.01426     -0.01880
0.03482     -0.02154
-0.03764     -0.00808
-0.01842     -0.03426
-0.02146     -0.00242
-0.02168     -0.01052
-0.04848     -0.00168
-0.04576     0.02460
0.00100     0.00992
-0.00706     -0.01440
-0.04382     -0.04360
0.01852     -0.03064
0.00564     -0.00536
0.01506     0.00320
0.00714     -0.03328
-0.00762     -0.02086
0.02512     -0.02908
-0.01430     0.01136
0.01376     0.01442
-0.02354     0.02440
-0.00860     0.01020
-0.01514     0.02138
0.00292     0.00450
-0.02304     -0.00176
-0.01536     -0.04374
0.00294     -0.00534
-0.01862     -0.05252
0.00834     -0.02434
-0.02554     -0.00316
0.00542     -0.01572
0.03368     -0.02366
0.00398     0.00308
-0.02114     -0.01104
-0.05120     0.01684
0.00188     0.00342
-0.01240     -0.02730
-0.01098     0.00414
-0.01068     -0.04372
-0.01800     -0.03026
-0.01472     0.02196
0.00968     -0.02536
-0.01060     -0.02784
-0.03024     0.00536
-0.01254     0.01408
-0.00972     -0.02048
-0.01628     -0.03674
-0.03666     -0.00208
-0.02088     -0.01424
0.00422     -0.01926
-0.02620     0.00848
0.00314     -0.00340
0.01348     0.00288
-0.00858     0.00828
-0.01780     0.00154
-0.02362     -0.02610
-0.02512     0.04112
-0.00530     -0.04476
-0.02286     0.02394
-0.03646     0.00532
-0.02130     0.03466
0.01248     0.00690
0.00344     0.00758
0.02670     -0.04898
-0.05272     0.00410
-0.01834     -0.03496
-0.02218     0.00738
-0.00838     -0.01658
-0.00400     -0.01330
-0.02624     -0.01792
0.02450     -0.00978
0.00760     -0.00858
0.00618     0.00598
0.00034     0.00292
0.02722     -0.00594
-0.03862     -0.01506
-0.01114     0.00526
-0.02002     0.00856
-0.02812     -0.02410
-0.01294     0.01698
0.01824     -0.00350
-0.01438     0.01572
-0.01548     -0.01332
-0.00106     -0.00158
-0.00840     -0.01738
-0.02958     0.02798
-0.00080     -0.05016
-0.03032     -0.00076
-0.00548     -0.03106
0.02508     -0.01726
-0.00990     -0.01744
-0.00712     -0.00930
0.00670     0.02912
-0.02588     -0.02108
0.02252     -0.01012
0.00024     -0.01872
-0.00202     0.00454
-0.01012     -0.02276
-0.02216     -0.01804
0.00870     -0.03626
0.00580     -0.02664
0.01532     -0.01936
-0.00468     0.01322
-0.01090     -0.00974
-0.01662     -0.01316
0.00428     -0.01146
-0.03060     -0.01258
0.00194     0.01068
-0.02040     -0.00822
-0.02184     -0.01568
-0.00166     -0.00552
0.02142     0.01078
-0.02752     -0.02142
-0.04492     -0.01516
-0.00226     -0.00384
-0.01824     -0.02652
-0.01758     -0.01312
0.00560     0.00426
-0.00910     0.01060
0.00230     -0.02054
0.00132     0.00296
0.01110     -0.02544
-0.02586     -0.03278
-0.00126     0.00480
0.00036     -0.00692
0.02498     0.01962
-0.01804     0.01016
0.00092     -0.00730
-0.01954     -0.06088
-0.04610     0.00594
-0.00828     -0.02200
-0.03716     0.01472
0.01724     -0.03028
-0.02070     0.00976
-0.01694     0.00822
-0.02156     -0.02450
-0.02000     -0.00640
-0.00254     -0.01336
-0.06140     0.00186
0.00828     -0.01864
0.00302     -0.02892
-0.00524     0.00608
-0.00684     -0.01014
-0.00276     -0.02244
0.01468     -0.01260
-0.02188     -0.00140
-0.02252     0.00706
-0.00998     -0.01110
-0.02972     -0.01204
-0.01048     -0.05724
0.02584     -0.01536
-0.04522     -0.03886
-0.01426     -0.00974
0.01748     -0.01268
-0.02568     -0.03616
0.00218     -0.03564
0.00296     -0.00862
0.00832     0.01116
-0.00298     -0.01012
0.00280     0.01612
-0.02542     -0.04506
-0.00410     -0.05096
-0.03680     -0.02294
-0.00526     -0.01746
-0.02436     -0.03370
-0.01992     0.01912
0.00670     -0.00512
-0.00588     -0.03388
-0.00648     -0.01620
-0.01072     0.00872
0.00880     0.02072
-0.00238     -0.04934
-0.02374     0.01538
-0.04878     -0.00574
0.00576     -0.02318
0.00386     0.02078
-0.02378     -0.01286
-0.02094     0.01748
-0.03276     -0.04250
-0.01234     0.01754
-0.01004     0.00914
-0.00464     -0.02366
-0.01798     -0.03138
-0.02376     -0.01072
0.01720     -0.01162
-0.01250     -0.03286
-0.00188     0.00298
-0.01572     -0.01548
-0.01570     0.00320
-0.02900     -0.02416
-0.01820     0.03676
-0.03552     0.02628
-0.01262     -0.01600
-0.03474     -0.01850
-0.02026     -0.04594
-0.04438     -0.01924
-0.01580     -0.02404
-0.00780     -0.00814
-0.03220     -0.02682
-0.01730     -0.01686
-0.02206     -0.03490
-0.02448     0.01002
0.00252     -0.00192
-0.02512     -0.00456
-0.00014     -0.01362
-0.01878     -0.05434
0.00480     0.02078
-0.01748     -0.00534
0.00920     -0.01758
-0.00578     0.02380
-0.01764     -0.02222
0.00830     0.00158
-0.00808     -0.01788
0.00536     -0.01850
0.00730     -0.01726
0.02878     -0.02218
-0.01456     -0.02660
-0.00906     -0.05228
-0.00932     -0.00392
-0.02556     -0.01104
-0.01234     0.00320
0.00352     -0.00108
0.00490     -0.02272
-0.00346     -0.01874
-0.02646     0.00104
0.00858     -0.01590
-0.01228     -0.01242
-0.03636     -0.01532
0.01158     -0.01566
-0.00750     -0.03716
-0.04112     -0.00524
-0.02040     -0.00256
-0.00532     -0.00280
0.00444     0.01034
-0.02020     -0.04242
-0.01310     -0.01926
-0.00584     -0.02126
0.01518     -0.00734
-0.03020     -0.00912
0.00394     0.02364
-0.01198     -0.00394
-0.01682     -0.03196
-0.01282     -0.02046
-0.01716     -0.02286
-0.01022     0.00820
0.01672     -0.03040
-0.00148     -0.02738
-0.00904     -0.02434
0.00630     0.00072
0.01670     -0.00866
-0.02728     -0.00516
-0.02028     -0.02996
-0.01290     -0.01270
-0.00464     0.00748
-0.01668     -0.03100
0.01144     -0.00548
-0.00084     0.00348
0.00234     -0.03320
-0.01254     -0.01066
-0.00100     -0.03774
-0.00718     -0.04004
-0.00830     -0.02428
-0.00128     -0.00862
-0.01770     -0.05742
-0.00904     -0.00188
0.00450     -0.00518
0.00222     0.00178
-0.01892     -0.00002
0.01778     -0.05918
-0.01632     -0.03006
-0.01474     0.02232
-0.01884     0.00468
0.02062     0.01502
-0.02342     -0.00756
0.00364     -0.02482
-0.03664     -0.00760
0.00014     0.00398
-0.02254     0.00928
-0.01178     -0.02116
-0.03510     0.00410
0.00240     -0.04944
-0.00688     0.00258
-0.01754     -0.03698
-0.01788     -0.02702
-0.02912     -0.02550
-0.02380     -0.01998
0.02802     -0.00396
-0.01784     -0.00686
-0.00806     -0.01210
-0.00860     -0.02446
-0.00460     -0.01178
-0.02574     -0.02134
0.00082     -0.02436
0.00528     -0.04428
-0.02880     -0.01440
0.00208     0.00832
-0.00508     0.01222
-0.00368     0.00850
0.02492     -0.02970
-0.03982     -0.00078
0.00090     -0.03932
-0.02330     -0.03370
-0.02860     -0.00704
0.01920     -0.01270
0.00502     -0.01604
-0.03920     -0.01834
-0.00408     -0.02436
-0.01742     -0.00532
-0.00170     -0.06086
-0.02332     -0.02224
-0.01630     -0.02316
-0.00368     -0.00462
-0.01674     0.01418
-0.00198     -0.01650
-0.02230     0.02460
-0.00442     0.01828
-0.01674     -0.00688
-0.01368     -0.00382
-0.04802     -0.03818
-0.03600     0.00284
-0.02192     -0.01892
-0.01380     0.02054
-0.01552     -0.00650
-0.00066     0.00072
-0.04874     -0.01258
-0.02194     -0.01048
-0.00516     -0.02876
-0.02224     -0.01480
-0.00532     -0.02404
-0.00898     -0.01870
-0.00356     0.01554
-0.00532     -0.00446
0.02424     -0.00420
-0.02988     -0.00886
-0.01800     0.00162
-0.00954     -0.00640
-0.01804     -0.02672
-0.01104     -0.03772
0.00504     -0.00788
-0.04568     0.00398
0.00480     -0.00244
-0.02548     0.02366
-0.03310     -0.03314
-0.00534     -0.03674
-0.03186     -0.03434
0.01026     -0.04704
0.03728     -0.01174
-0.00212     -0.04102
-0.01532     -0.00444
-0.00864     -0.01276
-0.00400     -0.02526
-0.01694     -0.02450
-0.01744     -0.01030
-0.01560     -0.02510
-0.00156     -0.00822
-0.00704     -0.02406
-0.05360     -0.01526
-0.01804     -0.02918
-0.00996     0.00778
-0.00020     -0.00312
-0.02346     -0.03452
-0.03286     0.00908
0.00318     -0.00814
-0.00920     -0.00790
-0.04468     0.00106
-0.03168     -0.01598
-0.02008     0.01278
-0.04848     -0.00888
0.00882     0.01000
-0.00612     -0.07078
-0.03196     -0.01308
-0.00050     -0.01172
0.01786     0.01284
-0.03076     0.00962
-0.01258     -0.00966
0.00206     -0.03356
-0.00500     -0.00868
-0.00988     0.01244
0.01326     0.01022
-0.01182     -0.02574
-0.02172     -0.00886
-0.00902     0.00224
-0.03734     -0.00500
-0.02184     -0.01800
0.02410     -0.02170
-0.01632     -0.04370
0.00992     -0.03982
-0.01670     0.01346
-0.00150     -0.03632
-0.01996     0.01042
-0.02950     -0.04260
-0.01146     -0.02530
-0.00752     -0.01078
0.00246     -0.01120
-0.02106     -0.02580
-0.02502     0.00104
-0.04126     -0.03146
0.02034     0.00270
-0.01108     -0.01128
-0.00806     0.01988
-0.01664     -0.01646
0.01516     -0.00696
-0.02020     0.00744
-0.03214     -0.01016
-0.01096     -0.02546
-0.00982     -0.01458
-0.01110     0.01222
-0.00820     0.03446
-0.02500     -0.02460
0.00886     0.00484
-0.01842     -0.01788
-0.03200     -0.00320
0.00722     -0.00488
-0.02530     -0.02298
-0.03962     -0.03088
-0.03394     -0.01022
-0.04604     -0.01144
-0.01264     -0.02584
-0.00094     -0.01592
-0.01288     -0.01046
-0.02194     -0.02594
-0.01076     -0.00588
-0.03420     -0.04854
-0.00594     -0.00368
-0.02382     -0.01028
-0.04396     0.00100
-0.04192     -0.00642
0.01864     -0.01882
0.00620     0.00012
-0.05338     -0.04002
0.02680     -0.00234
-0.01590     -0.01024
-0.02862     -0.00218
-0.02708     -0.00344
-0.02360     0.00610
-0.01574     -0.00692
0.03214     -0.03526
-0.02008     -0.00642
0.02140     -0.01146
0.01442     -0.03700
-0.02824     0.00736
0.01044     -0.00404
-0.01580     0.01608
-0.04450     -0.03274
0.00628     -0.03226
-0.01440     -0.03298
-0.00592     -0.00186
-0.00906     -0.03458
-0.02648     0.01142
0.01390     -0.04010
-0.03134     -0.02754
-0.02262     -0.02770
-0.02420     -0.00294
-0.00176     -0.00814
0.00748     -0.02816
-0.00834     -0.01468
-0.02722     -0.02162
-0.04884     0.01686
-0.00312     -0.01826
-0.02088     -0.01700
-0.03440     -0.02300
-0.00620     -0.01436
-0.01000     -0.03524
-0.03328     -0.02690
0.00098     -0.01314
-0.02448     -0.01260
-0.00640     0.01486
-0.04770     -0.01648
0.00888     -0.00770
0.00002     -0.01458
-0.01406     -0.00230
-0.01464     0.00438
-0.01412     -0.00726
-0.04274     -0.02428
-0.02548     0.00966
-0.02144     -0.00482
-0.00742     0.00122
-0.00676     -0.00874
-0.01668     -0.00286
0.01642     -0.01440
-0.01448     -0.03450
0.01092     0.00018
0.01138     -0.02762
-0.04646     -0.03608
-0.03154     -0.01906
-0.00628     -0.02402
-0.03234     -0.01004
0.00110     0.00160
-0.03904     0.00606
-0.02238     -0.01582
-0.01616     -0.01072
0.00044     -0.01656
-0.01398     -0.03902
0.01058     0.02260
0.00204     -0.02202
0.01242     -0.01714
-0.01332     0.00538
-0.01344     -0.00028
-0.04062     0.00114
0.00572     0.01000
0.03168     0.02298
-0.01630     -0.01984
-0.00362     0.00566
-0.01652     -0.01140
0.02946     -0.02810
-0.00596     -0.02824
-0.05994     -0.01390
-0.00216     0.00082
0.02158     -0.01732
0.00028     -0.00068
-0.02302     0.00448
-0.02736     -0.02570
-0.00318     -0.00168
-0.01008     -0.01398
-0.02448     -0.03470
-0.00298     -0.02766
-0.02342     -0.00884
-0.02726     -0.03346
-0.01006     -0.01462
-0.00412     -0.02868
-0.01188     -0.01550
0.01648     -0.00074
-0.01654     -0.02262
-0.02764     -0.02010
-0.02622     0.01564
0.02838     -0.02188
-0.00242     -0.02326
-0.00678     0.02074
-0.00566     -0.00686
-0.01472     -0.01218
-0.01786     0.00472
-0.00994     -0.02052
0.01654     -0.02022
-0.00964     -0.00036
-0.02182     -0.03084
-0.00510     -0.02446
-0.01370     0.00134
0.01010     -0.00748
-0.01894     -0.00658
-0.03908     0.00812
-0.00586     -0.02714
0.02184     -0.01780
-0.01080     -0.00606
-0.00068     -0.00344
-0.01212     0.00612
-0.00068     0.03800
-0.01862     -0.01378
-0.00642     0.01210
0.01300     0.00180
-0.02920     0.01138
-0.02768     -0.00634
0.00416     -0.00190
-0.01290     -0.03780
-0.03908     0.00292
-0.03790     -0.00418
-0.02400     -0.01860
-0.00802     -0.00066
-0.01234     -0.01988
0.01036     0.01810
0.02206     0.02006
-0.00968     -0.00534
-0.01442     -0.00730
-0.01354     0.00992
-0.00864     -0.01148
0.00890     -0.01980
-0.01138     0.00450
-0.02074     -0.00438
0.00868     -0.02120
-0.02550     0.00628
0.00424     -0.01284
0.00900     -0.05458
-0.01080     0.00868
-0.02254     0.00166
-0.02978     0.04550
0.00746     -0.01810
0.01804     -0.00166
-0.01958     -0.00056
-0.03370     0.01616
0.00702     0.00050
-0.01676     -0.01600
0.00078     0.00404
-0.03514     -0.03516
-0.00186     -0.00254
-0.02568     0.00012
-0.01098     -0.00010
-0.00556     -0.01264
-0.00272     -0.02638
0.00224     0.00636
-0.02288     -0.01038
-0.02186     0.01620
-0.00952     -0.00318
-0.00952     -0.02540
-0.04252     -0.02164
-0.00640     0.01974
-0.00218     -0.00044
-0.00558     0.01472
0.00858     -0.01146
-0.01400     -0.04370
-0.01176     -0.01924
-0.03884     -0.02326
-0.04276     -0.04504
0.00694     -0.01722
0.00594     -0.00190
-0.00620     -0.02880
-0.05278     -0.03676
0.02216     0.00288
-0.01882     0.01326
-0.02136     -0.01232
-0.03900     -0.00130
-0.02150     0.02144
-0.02678     -0.01162
0.00698     -0.01528
0.01842     0.00806
-0.00176     -0.00262
0.00386     0.01220
-0.03588     -0.01238
-0.02750     -0.00534
-0.03182     -0.01778
0.00908     -0.00884
0.01934     0.01664
-0.00856     -0.02344
-0.00014     0.00162
-0.04254     -0.03384
0.00198     -0.07402
0.02472     -0.00994
0.01960     -0.00394
0.02234     -0.01878
-0.01728     -0.00554
0.00104     -0.01458
-0.02224     -0.01732
0.00430     0.01498
0.00372     -0.03612
-0.03602     -0.02704
-0.00694     -0.04280
-0.01156     -0.00160
-0.03568     -0.01584
-0.01528     -0.02060
-0.01362     0.01356
-0.02734     -0.02200
-0.02382     -0.01332
-0.01018     -0.00162
-0.02026     -0.02994
-0.02108     -0.01872
-0.03946     0.00340
-0.03628     0.02558
0.00700     -0.00828
-0.02618     -0.00084
-0.00406     0.00566
0.02572     0.01246
0.01030     -0.00780
0.01478     0.01314
-0.00164     -0.02388
0.00450     -0.00700
-0.00836     -0.01952
-0.03956     0.00594
0.01686     -0.02028
-0.00852     -0.00950
0.00376     0.01466
-0.04016     0.01024
0.01160     -0.03038
-0.03986     -0.01270
-0.01100     -0.01384
0.01942     -0.04062
0.02414     0.01466
0.00048     -0.01600
-0.02684     -0.02550
-0.01284     0.04284
-0.01542     -0.03530
-0.00936     -0.03834
-0.00536     0.00670
-0.01828     0.02462
0.00928     0.00862
-0.00852     -0.03282
-0.01476     -0.00008
0.01408     -0.02858
-0.01486     -0.01868
-0.00858     0.00094
-0.01558     -0.01882
-0.02384     -0.00722
-0.01828     0.00758
0.00004     0.00130
-0.01934     -0.01000
-0.01784     -0.01740
-0.02006     -0.01092
0.03392     -0.02912
0.00658     -0.01504
-0.05004     -0.00500
-0.00524     -0.01120
-0.01258     -0.05776
0.00652     -0.01206
-0.00234     0.00736
-0.04000     -0.02140
0.00050     0.00836
0.01958     0.00918
-0.00440     -0.04190
0.00950     -0.01634
-0.00146     -0.03378
0.00900     -0.04118
-0.00050     0.00666
-0.00048     -0.00662
-0.00350     -0.03130
-0.01730     -0.02376
0.00254     -0.02406
0.02030     -0.02362
-0.02350     0.01702
0.01398     -0.03164
-0.03768     -0.01736
-0.01636     -0.00744
-0.03812     -0.02402
0.00758     -0.01322
-0.02078     -0.02402
-0.00240     -0.01534
-0.03032     0.00684
0.02978     -0.01876
-0.03104     0.00098
0.03190     -0.01524
0.00692     0.00294
-0.01284     -0.01434
-0.01608     -0.02146
-0.01032     -0.00340
-0.02258     -0.01520
-0.02052     -0.00078
-0.01370     -0.03228
-0.01504     0.03050
-0.00072     -0.01296
-0.02576     -0.02548
0.02932     -0.03070
-0.00814     -0.00898
-0.00438     -0.00942
-0.01114     0.02174
-0.01766     0.01236
-0.02762     -0.01088
-0.03002     0.00158
-0.00056     -0.00632
-0.01172     -0.03710
-0.00938     -0.00234
-0.03594     -0.02112
0.01620     -0.00072
0.01588     -0.05618
0.00374     -0.02128
-0.00512     0.00114
0.01854     0.01900
-0.02338     -0.00856
0.00162     -0.01498
-0.00900     -0.03462
-0.00670     -0.01966
-0.02526     -0.02214
-0.01090     -0.00978
-0.00934     -0.00884
0.00170     0.01384
0.00132     -0.02016
-0.02110     -0.02616
0.03942     0.00442
0.00252     -0.02256
0.03038     -0.01840
-0.01284     0.02090
-0.01516     -0.01392
0.00238     -0.03194
-0.02484     0.00636
-0.00948     0.02022
-0.01538     -0.01278
-0.01840     0.02240
0.02028     0.03150
-0.01786     0.01724
-0.00490     -0.00694
0.00128     -0.02520
-0.00186     -0.01772
0.01124     -0.01336
-0.01844     0.01144
-0.00678     0.01358
0.00838     0.00454
-0.00892     -0.00010
0.00680     -0.03292
-0.01750     -0.02150
-0.04572     -0.02978
-0.04656     0.01018
-0.01044     0.00134
-0.01004     -0.01104
-0.00136     -0.04032
-0.01756     0.03794
-0.01342     0.02608
-0.03236     -0.02232
-0.03122     -0.01882
0.00240     -0.01992
0.00822     -0.02438
-0.00298     -0.00550
-0.00820     -0.02118
-0.02146     -0.00870
0.00494     -0.01516
-0.00160     0.01746
0.01064     -0.02840
-0.00050     -0.06534
-0.01122     -0.03454
-0.01904     -0.00568
-0.01782     0.02092
-0.01336     -0.00884
-0.01840     -0.01170
0.00556     -0.04610
-0.04504     -0.01292
-0.01580     -0.04260
-0.02810     -0.03338
-0.02954     -0.00938
-0.01442     -0.00608
-0.00442     -0.02416
-0.02656     0.00450
0.00340     -0.02622
0.03224     -0.02864
-0.01140     -0.01194
-0.01864     -0.02950
0.02430     -0.01886
0.00588     -0.01896
0.00462     -0.01078
-0.03562     -0.00238
-0.03540     0.01556
-0.04702     -0.01094
0.00358     -0.00602
-0.03336     -0.00926
-0.01522     -0.02902
-0.01946     -0.02018
0.00462     -0.04376
-0.00200     -0.01398
-0.00310     -0.03990
0.00200     0.01424
-0.00348     -0.00334
-0.03086     0.00422
0.01038     -0.01634
-0.01924     0.01364
0.01280     0.00160
-0.00788     -0.03192
-0.04932     -0.03810
0.02128     -0.00410
-0.00812     0.00114
-0.02442     -0.04186
-0.01320     -0.02124
-0.00370     -0.02888
-0.00982     -0.00180
0.00858     -0.01822
0.01652     0.01402
-0.03136     -0.02886
-0.03688     0.00444
-0.01186     0.00602
0.01726     0.00428
-0.04352     -0.00228
-0.01284     0.00074
0.01330     -0.03230
-0.01116     -0.01176
-0.00478     -0.01548
0.00876     -0.00924
-0.00022     -0.01028
-0.00518     0.01024
-0.00804     -0.03022
-0.00964     0.00784
-0.04380     -0.01714
-0.02834     0.00768
-0.02264     0.01082
0.01504     0.00324
-0.01380     -0.01702
-0.00294     -0.03648
-0.03204     -0.04702
-0.00964     0.03202
-0.00350     -0.01512
-0.00238     -0.04984
-0.02644     -0.02622
-0.02294     -0.01630
-0.00378     0.00818
0.02918     -0.00826
-0.03090     0.00906
-0.01946     0.01260
-0.02976     0.00914
0.00798     -0.00788
-0.01048     0.00366
-0.00618     -0.02606
-0.00572     -0.00974
-0.03664     0.01348
0.01422     0.01300
0.01330     0.00618
-0.01098     -0.00120
-0.00700     -0.01826
-0.01586     -0.00552
0.00094     -0.02682
0.01584     -0.01878
-0.00244     -0.03522
0.00680     0.02088
-0.02924     -0.02426
-0.02988     -0.02326
-0.01944     -0.00868
-0.00688     0.03400
0.02034     0.01570
0.00906     -0.00430
-0.01882     -0.02616
-0.00810     -0.01554
0.02434     0.00608
-0.03984     -0.00082
0.03554     0.02316
-0.01194     0.00654
-0.00558     -0.04444
-0.01930     -0.01156
-0.02930     0.00054
-0.02992     0.00076
-0.00786     -0.03000
-0.02512     0.01168
-0.02926     -0.01652
-0.01862     -0.02084
-0.00724     -0.03446
-0.04806     -0.00542
-0.02900     -0.03316
0.01954     -0.02078
0.02746     -0.02336
0.01116     -0.01490
-0.04802     -0.03260
-0.02518     -0.01674
-0.02206     -0.02600
0.00022     -0.00234
-0.01668     -0.01250
0.00606     -0.00932
-0.01954     0.00016
-0.04244     -0.03076
-0.02868     0.01638
-0.02216     -0.05584
-0.02364     -0.03922
-0.00112     -0.01814
0.00356     -0.01764
0.00502     -0.02514
-0.00324     -0.00816
-0.00078     0.00972
-0.03208     -0.00616
-0.01778     -0.00088
-0.01738     -0.03986
-0.01076     -0.01148
-0.00508     -0.01142
0.00170     0.00444
0.00140     -0.00664
-0.00850     -0.02824
-0.03902     -0.00164
0.00400     0.00412
-0.01134     -0.02978
0.00560     0.01052
-0.03128     -0.00976
-0.02112     0.02412
-0.02272     0.01546
0.01144     -0.02108
-0.00334     -0.02082
-0.02146     0.01820
0.00652     -0.02292
-0.01292     -0.01628
-0.00644     -0.02394
-0.00490     -0.01154
-0.02548     -0.01880
-0.00072     0.02980
-0.03004     -0.01846
