-1.00528     -1.01166
-1.01586     -1.01046
-1.00498     -1.02688
-1.01016     -1.01538
-1.04026     -1.01622
-0.97942     -1.00346
-0.98028     -0.99438
-1.00784     -1.00308
-1.02664     -0.99908
-1.01920     -1.00980
-0.99620     -1.00978
-1.01424     -0.98576
-1.00990     -1.02258
-0.98506     -1.01196
-1.01020     -1.05802
-1.01946     -1.04512
-1.03284     -1.02306
-1.01994     -1.00252
-1.01960     -1.03390
-1.02620     -0.99246
-0.96938     -1.02634
-0.99908     -0.99952
-1.04470     -0.98446
-1.05092     -1.00238
-0.98990     -1.04486
-1.01088     -1.02044
-0.98756     -1.00426
-1.00306     -0.98054
-0.97392     -1.01716
-0.99512     -1.02944
-0.99394     -1.02626
-1.00062     -0.99792
-1.01786     -1.03096
-1.00694     -1.03432
-1.01294     -1.01502
-0.97624     -1.00164
-1.01770     -1.01786
-1.01596     -1.00172
-1.03560     -1.00410
-1.01880     -1.00012
-0.99278     -1.01486
-0.99606     -1.00034
-0.95994     -1.02232
-1.02302     -1.03446
-0.99588     -1.00254
-0.97870     -0.98720
-0.98182     -0.99870
-0.97608     -1.01206
-1.00394     -1.01492
-0.99340     -1.02894
-1.00860     -1.02456
-1.00892     -1.02046
-1.02720     -1.01152
-1.01614     -1.04820
-0.99036     -1.02256
-1.02638     -0.98998
-0.99404     -1.02240
-0.99404     -1.00486
-1.01366     -1.00000
-1.01416     -0.98326
-1.00540     -1.01962
-1.00512     -0.99978
-1.02186     -1.05072
-1.01734     -1.03412
-1.00112     -1.02910
-1.01516     -1.02766
-0.99078     -1.00548
-1.00932     -1.01882
-0.98980     -1.02224
-0.98084     -0.99760
-0.98650     -1.01010
-1.01824     -0.99650
-0.97268     -1.02188
-1.01156     -0.99474
-1.04766     -1.03576
-1.02966     -1.01346
-1.01380     -1.04030
-1.03234     -1.03038
-0.96586     -1.00664
-1.01754     -0.99208
-0.99136     -1.02544
-1.03774     -1.01660
-1.01862     -1.03084
-1.01712     -0.99856
-1.02144     -1.01802
-1.01446     -1.03976
-1.03780     -1.03454
-0.99944     -1.00490
-1.03562     -1.00646
-1.04540     -1.02486
-1.03186     -1.03998
-1.02740     -1.02702
-1.02984     -0.97906
-1.03772     -1.01702
-0.98548     -0.99878
-0.96642     -0.99854
-0.99488     -1.01752
-1.01756     -1.00582
-1.01980     -0.99412
-1.00936     -0.99952
-1.00388     -0.99758
-1.00952     -0.98708
-0.96460     -1.04708
-1.00970     -1.01360
-1.00172     -1.00932
-0.98892     -1.00388
-1.01060     -1.00772
-1.01286     -0.99884
-0.99362     -1.02416
-1.05268     -1.04112
-1.01312     -1.02086
-1.00698     -1.00664
-1.01624     -1.00102
-1.01196     -0.99488
-1.02218     -1.01748
-0.99884     -0.98702
-1.02144     -0.98114
-0.98750     -1.02432
-1.03066     -1.03980
-0.99378     -0.98338
-1.02084     -1.04366
-0.98916     -0.99266
-0.96980     -1.04400
-1.02110     -1.01030
-1.00694     -1.00794
-1.03112     -0.97066
-1.02226     -1.02104
-1.01684     -1.03928
-1.01188     -1.01240
-1.01138     -1.04782
-0.98840     -1.01124
-1.01272     -0.98938
-1.02020     -1.00316
-1.02138     -1.00658
-0.99768     -0.99438
-1.01058     -0.99804
-1.01630     -1.00914
-1.00152     -0.98968
-0.99542     -1.01698
-1.00498     -0.99956
-0.96500     -1.00462
-1.01128     -1.00678
-1.00740     -0.99918
-0.99510     -1.03192
-1.02012     -0.97622
-1.00968     -1.01166
-1.01268     -1.01790
-1.00748     -0.99832
-0.98998     -0.99834
-0.99306     -1.02784
-1.04096     -1.01514
-0.96788     -0.99442
-1.02138     -1.00942
-1.03942     -1.01094
-1.01354     -1.02948
-1.04938     -1.00840
-1.02140     -1.01026
-1.00772     -1.03242
-1.02130     -1.00578
-1.02996     -1.00260
-1.01506     -1.01588
-1.02770     -1.00296
-1.00552     -1.04388
-0.97168     -1.01098
-1.02700     -0.98872
-1.01846     -1.02896
-0.98836     -0.98670
-1.00266     -0.99914
-1.00432     -1.02560
-1.03898     -1.00284
-1.01684     -1.01114
-1.03458     -1.01114
-1.00108     -0.99168
-1.00636     -1.00722
-1.00282     -0.97502
-1.02788     -0.98646
-0.97240     -1.04484
-1.02114     -0.99544
-1.00446     -0.98406
-1.04616     -0.98098
-0.99436     -1.00678
-1.01650     -1.02290
-1.01998     -1.00838
-1.02198     -1.02490
-0.99334     -1.01540
-1.02374     -1.02208
-0.97548     -0.99158
-0.97342     -1.01764
-1.02512     -1.00186
-1.01980     -1.00576
-1.02286     -1.01800
-1.02472     -1.01328
-1.02834     -1.01674
-1.01184     -1.01716
-1.00944     -0.98252
-0.97190     -1.00076
-0.99496     -1.01712
-1.00184     -1.02332
-0.99616     -1.01870
-0.96560     -1.01834
-1.00092     -1.00908
-1.01838     -1.00924
-1.00038     -1.03850
-0.97088     -1.00856
-0.99142     -1.01706
-1.03286     -1.01982
-1.00140     -1.01892
-1.01392     -1.01998
-1.02000     -0.99338
-0.99038     -1.00222
-1.02676     -0.99460
-1.00140     -1.02380
-0.98460     -0.99058
-0.98472     -1.02810
-0.98016     -1.00216
-1.00474     -1.01844
-1.01192     -0.99488
-1.00544     -0.97764
-1.01602     -0.97414
-1.02688     -1.01348
-0.98114     -1.04116
-1.00476     -1.04130
-0.98128     -1.00352
-1.01532     -1.01756
-1.00710     -1.00778
-1.00524     -1.01590
-1.00942     -0.98768
-1.00636     -0.99884
-1.01522     -1.03040
-1.02466     -1.00404
-0.99584     -1.02170
-0.99112     -0.96938
-1.01332     -1.03540
-1.02082     -1.02084
-1.01530     -1.01374
-1.01464     -1.03174
-1.03242     -0.99458
-0.99258     -1.02006
-1.02436     -1.01274
-1.05206     -0.99742
-1.01690     -1.04906
-0.99654     -1.03442
-1.01938     -1.02300
-1.01504     -0.98620
-1.00766     -1.01226
-1.01512     -1.03512
-1.04732     -1.01214
-1.03288     -1.01368
-1.01488     -1.00702
-1.00374     -1.01902
-1.04958     -1.03062
-0.99162     -1.01350
-1.01670     -1.01250
-1.01870     -0.99610
-0.97398     -0.97926
-1.02628     -1.01654
-1.03124     -0.98998
-0.98658     -1.01544
-0.99118     -1.00164
-1.00912     -1.00080
-0.99414     -1.01368
-1.01396     -0.99682
-1.01210     -1.03904
-0.99600     -1.04866
-1.02712     -0.98246
-0.97352     -0.99106
-1.00510     -1.03630
-0.98678     -0.97758
-0.98438     -1.00316
-0.99916     -0.99382
-1.02476     -1.02148
-1.00370     -0.99504
-0.97036     -1.01182
-1.01112     -0.98644
-0.97700     -1.02362
-1.02274     -1.03182
-1.01968     -1.00568
-1.01976     -1.01804
-1.01738     -1.00820
-1.02386     -0.98502
-1.02320     -1.01408
-1.00534     -1.00076
-1.02022     -1.01458
-0.98972     -1.02632
-1.03360     -1.01366
-1.01092     -1.00772
-1.00792     -0.96086
-0.99206     -1.01384
-1.00922     -1.00320
-0.98552     -1.01988
-1.02430     -1.02798
-1.00830     -0.99876
-1.02556     -0.95946
-1.03826     -1.01234
-1.03822     -1.01260
-1.02852     -1.01948
-0.99998     -1.02334
-1.01298     -0.99796
-0.98348     -1.01612
-0.98000     -0.98616
-1.02078     -1.02644
-1.01308     -1.00750
-0.98100     -0.99486
-1.02498     -0.99604
-0.99364     -0.99654
-1.05554     -1.03152
-1.02588     -1.01992
-1.02140     -1.00552
-1.03816     -1.03436
-1.02940     -1.02916
-1.03648     -1.02256
-1.01050     -0.99550
-1.00964     -1.00824
-1.01244     -1.01110
-1.02010     -1.01482
-1.04262     -0.99718
-0.98572     -1.02932
-1.00420     -1.00438
-1.02374     -1.05072
-1.02992     -1.02528
-1.03956     -1.01030
-1.01218     -1.04570
-1.00274     -1.00110
-1.02580     -1.01996
-0.96632     -1.03060
-1.00234     -1.01104
-1.01500     -1.00318
-1.01020     -1.00566
-0.99212     -1.00178
-0.99678     -1.01844
-1.03010     -0.98562
-1.01244     -0.97994
-1.00248     -1.00570
-1.01912     -0.99472
-1.00766     -0.98436
-1.00934     -1.00570
-0.98510     -1.01810
-1.00904     -1.03136
-1.03010     -1.03400
-0.98574     -1.01798
-1.03902     -1.00296
-0.99886     -1.00918
-0.97976     -0.96644
-1.01414     -1.01452
-1.00280     -1.01346
-1.01262     -0.99710
-1.01096     -1.01484
-1.02516     -1.02648
-1.00868     -1.01140
-1.02934     -1.03492
-1.02592     -0.99788
-0.99248     -0.99358
-1.03866     -1.01306
-0.99342     -0.97928
-0.98216     -0.98676
-1.01272     -0.99252
-1.00614     -0.98570
-0.99480     -0.99542
-1.00148     -1.01744
-1.02394     -1.01630
-0.99522     -1.01804
-1.00566     -1.00408
-0.99350     -1.02530
-1.00648     -1.03650
-1.01452     -1.02536
-0.99428     -1.01226
-1.01752     -1.02178
-1.02032     -0.98132
-1.02088     -0.99318
-1.01926     -1.04296
-1.00492     -1.00140
-1.03182     -0.99834
-0.96742     -1.01732
-1.01006     -1.00564
-0.99014     -1.00944
-0.98950     -1.00330
-1.00402     -0.98218
-0.98932     -1.03772
-1.00394     -0.96952
-1.02140     -1.02666
-1.03426     -1.00526
-0.99626     -1.01564
-1.01132     -1.00040
-1.03678     -0.99518
-1.00714     -1.03224
-1.00816     -1.00144
-1.03568     -0.98774
-0.99936     -1.02476
-1.00940     -1.02824
-0.99156     -1.01806
-1.00624     -1.01900
-1.00580     -1.03084
-1.02874     -1.05508
-1.00332     -1.00656
-1.02120     -0.96246
-1.02560     -1.00324
-0.99894     -1.01144
-1.00122     -1.03564
-1.01604     -1.02164
-1.04032     -1.02454
-1.00774     -1.06024
-1.00084     -1.00146
-1.02078     -1.00408
-1.01034     -0.99492
-1.05416     -1.02774
-1.00282     -1.03000
-0.99134     -1.04992
-0.98568     -0.99886
-1.01052     -1.00242
-0.98612     -1.00170
-1.03818     -1.00358
-1.02092     -1.02532
-1.01792     -1.02150
-1.03014     -0.97798
-1.02156     -1.02218
-1.02424     -1.00372
-1.00708     -0.97322
-1.02168     -1.00964
-1.00274     -1.01830
-1.02958     -1.02646
-0.98662     -1.02772
-1.02944     -1.00500
-1.01294     -1.00494
-1.00076     -1.00758
-1.02530     -0.99068
-0.99576     -1.00112
-1.04980     -0.98944
-0.99996     -1.02550
-0.98670     -1.00204
-1.02530     -1.05108
-1.01006     -1.00600
-0.99118     -1.02842
-1.00792     -0.97302
-1.01998     -1.00684
-1.01492     -0.99750
-0.99862     -0.98978
-1.02004     -1.01970
-0.99894     -0.99326
-1.02734     -0.99216
-1.03116     -0.99900
-0.98206     -1.01420
-0.98966     -0.98958
-1.00980     -0.98214
-0.99782     -1.03376
-0.99518     -1.01740
-1.05398     -1.00900
-1.03030     -1.01736
-0.99148     -0.97934
-1.01306     -0.97836
-1.02928     -1.03230
-1.04548     -1.01366
-1.00146     -1.01072
-0.99794     -0.95200
-1.02576     -0.98292
-1.02676     -1.01268
-1.02364     -1.05014
-1.00928     -1.00366
-1.01808     -1.00860
-1.03364     -1.00788
-1.01752     -0.97726
-1.04082     -0.98430
-1.00772     -1.01114
-1.00888     -1.01828
-1.01392     -0.96736
-1.03140     -0.99780
-1.02962     -0.98458
-1.01070     -0.98222
-1.01004     -1.01386
-0.99116     -0.97652
-1.02438     -1.02890
-1.03016     -1.02614
-1.01138     -0.99336
-1.01932     -1.02840
-0.99724     -1.01836
-0.96538     -1.00212
-1.00592     -1.02426
-1.01122     -0.99480
-0.98510     -0.98676
-1.02942     -1.02974
-0.99224     -0.99438
-1.01508     -1.04098
-1.00834     -1.01718
-0.98536     -1.02136
-0.97316     -1.00432
-1.00574     -1.00236
-1.01900     -1.00930
-1.01482     -1.00118
-1.01238     -1.00218
-1.00444     -1.00628
-0.99282     -0.98638
-0.98946     -1.02022
-1.01446     -1.00952
-1.01520     -0.97580
-1.01490     -0.97788
-1.01780     -1.01748
-1.00784     -1.00130
-0.98004     -0.99650
-1.01056     -1.03924
-0.99164     -0.99540
-1.02506     -1.03244
-0.99376     -1.01466
-1.00082     -1.02592
-0.99380     -1.00728
-0.99698     -1.02270
-0.99010     -1.02582
-1.02190     -1.02024
-1.01096     -0.99376
-1.04068     -1.02280
-0.98210     -1.01824
-1.03602     -1.00420
-1.04636     -1.02436
-0.98224     -0.99946
-1.03048     -1.01300
-1.01258     -0.99928
-0.98048     -1.00558
-1.02038     -1.01744
-1.00592     -1.02118
-1.03244     -1.02490
-0.99408     -1.01752
-1.02724     -1.00970
-1.01584     -1.01436
-1.04522     -1.03614
-1.04286     -1.01424
-0.99622     -1.01568
-0.99958     -1.03774
-0.98876     -1.02394
-1.01464     -1.01670
-1.01416     -0.99284
-0.96672     -1.02164
-1.00528     -1.01018
-0.98632     -1.03318
-0.95302     -0.96382
-0.98150     -1.03106
-1.00914     -0.97354
-1.00712     -1.01544
-1.00794     -1.02340
-1.02078     -1.03274
-0.96160     -1.01144
-1.00652     -1.03514
-1.00290     -1.01918
-1.00086     -1.00382
-1.01670     -1.04536
-0.97104     -1.01744
-0.99526     -1.03226
-1.00388     -0.99764
-1.00926     -0.99570
-0.99650     -1.02552
-1.00622     -1.00756
-1.02742     -1.03598
-1.00634     -0.97430
-1.01306     -1.03118
-1.04504     -1.02988
-0.98632     -0.99352
-1.00944     -1.01066
-1.03214     -0.98328
-1.01236     -0.99578
-1.02774     -1.01978
-1.01324     -0.99144
-0.98502     -1.01108
-1.01730     -1.00862
-1.05250     -1.02738
-0.99964     -1.00030
-1.00628     -1.00950
-1.01232     -1.03526
-1.02208     -1.02118
-1.00636     -1.00128
-1.00312     -0.99626
-1.02394     -1.02562
-1.03992     -1.00704
-0.99834     -1.00704
-1.00004     -1.01256
-1.00914     -0.99982
-1.02184     -1.01024
-1.01614     -0.99660
-1.01802     -1.01290
-0.99422     -1.00094
-0.99654     -1.02504
-1.01934     -0.98812
-1.02204     -1.00518
-1.01666     -1.01466
-1.01602     -1.03922
-1.00236     -1.02694
-1.02946     -1.03200
-1.01718     -1.03468
-0.99858     -1.02902
-1.05328     -0.98462
-1.01270     -0.99510
-1.00830     -1.00206
-1.01668     -1.00922
-1.03824     -1.02076
-1.04628     -1.02230
-1.00946     -1.01378
-1.01930     -0.96866
-1.03116     -1.04142
-0.98426     -0.98574
-1.01520     -1.02090
-1.00674     -1.01852
-1.03222     -0.99508
-1.03322     -1.00456
-1.02448     -1.01394
-1.00580     -1.05248
-0.99980     -1.04264
-1.04446     -0.99056
-1.03496     -1.03160
-0.99670     -1.03144
-0.99126     -0.99580
-0.98846     -1.02558
-1.01942     -1.00096
-1.03560     -0.99752
-1.00340     -1.02546
-1.01132     -0.99212
-1.02862     -1.03960
-1.01972     -1.00870
-0.99368     -1.04262
-1.03306     -1.00358
-0.98820     -0.99246
-1.00110     -1.02000
-1.02162     -1.01356
-0.97908     -1.01560
-0.99866     -1.02678
-0.99704     -1.01648
-1.00098     -1.03504
-1.01184     -0.97788
-1.02096     -1.00818
-1.01376     -1.04244
-0.99964     -1.01604
-1.00612     -0.99740
-1.03498     -1.04754
-1.02134     -0.98922
-1.00046     -1.03256
-1.00196     -0.99388
-1.00120     -1.00758
-1.00100     -0.98926
-1.00844     -1.01108
-1.01546     -0.97438
-1.01240     -1.04522
-1.03898     -1.00006
-1.01670     -0.99540
-0.98810     -1.01832
-0.99122     -1.00008
-1.02624     -1.00266
-0.99080     -1.03600
-0.99754     -1.01026
-1.05300     -1.01134
-1.03474     -1.00846
-0.98944     -1.02606
-1.01990     -1.02686
-0.99482     -1.01326
-0.99674     -1.03836
-1.00782     -1.00476
-0.97208     -1.00414
-1.02338     -0.98044
-0.99436     -0.99022
-1.00314     -1.02342
-1.02422     -1.00636
-1.03034     -1.02718
-0.98982     -1.01414
-0.99882     -1.01226
-0.99248     -1.02724
-1.05450     -1.00916
-1.01038     -1.01334
-1.00042     -1.02078
-1.03284     -1.02568
-1.02932     -1.00614
-1.01582     -1.00030
-1.04162     -1.02040
-1.01586     -0.99876
-1.01748     -1.01828
-1.01178     -1.02522
-1.01382     -1.00996
-1.00814     -1.03902
-0.99372     -1.02794
-1.00460     -0.97980
-1.01238     -1.04056
-0.98786     -1.02658
-1.00386     -1.00770
-1.03102     -1.02414
-1.00522     -0.98060
-0.99112     -0.97636
-1.00080     -1.01924
-1.01036     -1.03384
-1.03034     -0.98588
-1.00202     -1.00930
-1.00148     -1.00298
-1.03342     -1.01758
-1.01814     -1.02576
-1.01642     -0.95980
-1.00982     -1.02210
-1.00522     -1.00412
-1.01610     -1.02300
-1.02792     -1.03476
-0.99752     -1.02680
-1.00430     -1.03114
-1.01894     -1.00710
-0.99322     -0.99102
-1.01420     -1.01910
-1.01414     -0.98944
-1.02660     -0.97866
-0.97280     -1.01738
-1.02718     -1.00728
-1.01250     -1.01032
-0.98930     -1.01660
-1.01970     -1.01962
-1.02312     -1.00386
-1.00274     -0.99592
-1.00398     -0.99506
-0.99926     -0.99560
-1.04604     -1.05168
-1.01894     -1.04334
-1.03108     -1.00264
-1.01406     -1.00694
-1.01378     -0.99696
-0.99546     -1.00852
-0.99864     -1.02962
-0.99384     -1.03070
-1.01222     -0.97928
-1.02444     -1.00188
-1.01842     -0.98302
-0.98326     -1.03890
-0.99528     -1.03336
-1.02102     -1.02562
-0.98736     -1.05178
-0.98880     -0.99862
-1.02652     -1.02608
-1.00172     -1.02214
-1.03196     -0.97942
-1.03254     -1.01910
-0.97932     -1.03614
-1.04550     -0.98860
-1.01496     -1.03312
-1.02094     -1.00758
-0.99080     -0.97804
-1.01270     -1.01034
-1.01148     -1.03202
-0.99494     -1.03612
-1.02900     -1.00926
-1.01602     -1.00578
-1.00206     -1.01396
-1.00454     -0.97934
-1.01882     -0.99918
-0.99342     -1.00090
-0.98412     -0.98974
-0.98180     -0.98790
-0.99772     -1.02962
-0.99972     -1.03166
-0.99596     -1.04184
-0.99856     -1.02590
-0.99488     -0.99888
-1.02814     -1.03616
-1.00640     -1.01316
-0.99518     -1.00770
-1.04122     -1.03670
-1.01008     -1.02672
-1.03750     -0.98396
-1.05712     -0.98622
-1.00890     -1.01934
-1.00248     -0.98544
-1.01300     -0.99886
-1.04480     -1.00022
-0.99412     -1.01694
-0.99956     -1.01540
-1.01412     -0.98864
-0.97952     -1.02646
-1.02766     -1.01368
-1.02688     -1.03170
-1.01124     -1.01366
-1.00646     -0.99964
-1.02490     -1.01796
-1.00800     -1.03200
-1.03710     -1.00568
-0.99490     -0.99964
-1.02066     -0.99602
-0.99062     -1.00994
-1.02102     -0.99866
-1.03002     -1.02202
-0.99790     -1.02576
-0.99224     -1.01696
-1.04364     -1.02966
-1.03514     -1.02922
-1.01376     -0.97944
-0.97494     -0.99760
-1.01904     -1.03860
-0.99152     -0.99224
-1.02346     -1.00746
-0.99114     -1.00210
-1.00628     -1.03432
-0.98644     -1.03512
-1.02936     -1.01522
-1.02764     -1.00376
-1.00490     -0.97676
-1.01002     -0.99646
-1.01272     -1.02640
-1.04526     -1.02180
-1.01634     -1.04424
-1.01448     -1.02266
-1.02776     -1.02654
-1.02426     -1.02020
-0.99844     -0.99360
-0.98126     -1.03330
-1.03400     -1.00060
-1.05082     -1.00814
-1.04988     -1.00880
-1.00616     -1.00264
-0.99536     -0.99128
-1.00440     -1.01056
-1.01362     -0.99756
-0.98770     -1.01246
-0.99270     -1.01960
-1.03956     -1.00176
-1.01206     -0.98402
-1.01130     -0.99850
-1.00596     -1.00800
-1.01900     -1.00040
-0.95194     -0.99822
-1.03434     -1.00804
-0.96862     -1.01864
-1.04726     -0.97852
-1.02998     -1.03470
-1.00020     -1.01228
-1.02840     -1.00182
-1.00818     -1.01324
-0.99328     -0.97408
-0.99638     -0.98368
-1.01324     -1.01508
-1.00138     -1.01926
-1.03334     -0.99846
-1.02262     -1.02610
-1.00224     -1.01942
-1.05722     -1.02124
-1.00562     -0.98952
-0.99734     -0.99560
-1.01212     -1.01266
-1.02494     -1.03254
-1.03448     -1.05154
-1.01560     -1.00072
-1.02408     -0.97926
-1.03032     -1.00848
-1.00328     -1.00918
-0.97584     -1.04678
-1.00390     -1.02580
-1.01988     -1.02228
-1.02118     -0.98074
-1.03984     -1.00898
-1.01632     -1.02122
-0.95942     -1.00710
-1.03882     -0.99738
-0.98140     -1.02350
-0.98052     -1.05146
-1.00044     -0.99940
-0.99916     -0.98742
-1.02862     -1.02836
-0.99412     -1.02848
-1.04190     -0.98824
-0.99598     -1.02128
-0.99978     -1.02072
-1.04586     -1.02482
-1.00982     -1.02432
-1.01698     -1.01822
-0.97998     -1.01158
-1.01654     -1.01518
-0.99606     -0.99980
-1.01130     -1.02092
-1.00802     -0.99416
-1.00676     -0.97580
-0.96910     -1.00766
-1.00808     -1.03630
-1.01946     -0.99564
-0.97896     -1.02714
-0.97130     -1.01212
-0.99270     -1.02984
-1.00518     -1.02114
-1.05236     -1.02792
-1.00688     -1.01552
-1.00884     -1.01588
-0.99830     -0.99436
-0.99378     -1.01746
-1.01514     -1.02358
-0.99980     -1.01882
-0.99762     -0.96866
-1.00178     -1.00292
-1.00748     -0.99268
-0.99468     -1.01054
-1.00570     -1.02516
-1.01070     -0.99498
-1.04066     -0.98580
-1.03922     -1.02234
-1.00822     -1.02036
-1.00154     -1.01978
-1.02562     -1.03360
-0.97120     -0.97988
-1.01976     -1.03442
-1.01834     -1.02216
-1.01422     -1.04108
-0.99928     -0.99976
-1.00062     -1.01090
-1.00192     -1.00112
-1.01212     -1.06506
-0.98708     -1.02872
-0.99280     -1.01876
-1.00414     -1.03118
-1.01458     -1.00510
-1.01514     -1.00556
-1.00942     -1.01344
-0.99744     -1.02016
-1.01588     -1.02860
-1.02716     -1.02924
-1.02072     -1.00968
-1.03426     -1.05872
-1.01128     -0.98842
-0.99814     -1.02628
-1.00088     -1.00908
-0.99356     -1.02126
-1.04076     -1.01616
-1.01316     -1.00142
-0.98382     -1.01822
-1.03426     -1.00920
-0.98928     -1.01136
-0.99634     -1.02670
-1.01014     -0.99240
-1.00702     -1.03152
-1.04186     -1.00106
-0.97776     -1.02016
-0.98916     -1.03382
-1.05304     -1.02936
-1.02542     -1.05030
-1.01128     -1.00976
-0.99346     -1.00082
-0.99868     -1.00514
-1.02796     -1.00850
-0.99586     -1.02382
-1.00966     -1.02496
-1.00318     -1.01642
-1.03592     -1.03802
-1.03198     -1.02316
-0.97432     -1.00174
-1.03110     -1.03338
-1.00438     -0.98588
-1.01332     -1.03276
-0.98016     -0.97806
-1.00720     -1.01374
-1.02486     -0.99282
-0.98756     -0.99638
-1.00490     -0.98968
-1.00976     -0.99886
-1.01838     -1.05566
-1.05162     -1.01044
-0.99780     -0.98912
-1.01306     -0.99424
-1.01464     -1.04342
-1.02114     -0.99232
-1.01254     -1.00374
-0.96200     -1.02950
-0.99238     -1.02182
-0.96580     -1.02262
-1.02280     -0.99212
-0.99828     -1.04566
-1.02108     -1.03128
-1.00370     -1.00454
-1.00222     -1.03692
-1.02594     -1.00822
-0.99470     -0.99136
-0.97648     -1.02594
-1.02942     -1.02806
-1.00214     -0.97928
-1.02766     -1.02726
-1.03952     -1.00430
-0.97664     -1.01906
-1.01140     -0.99642
-0.99740     -1.01512
-0.99110     -1.01912
-1.01116     -1.01876
-0.99478     -1.03232
-1.00234     -1.01600
-1.03404     -1.01486
-1.03812     -1.01606
-1.03022     -1.01038
-1.00640     -0.99146
-1.01616     -1.00170
-1.01386     -0.98480
-0.99710     -0.98962
-1.01224     -1.03018
-1.02172     -1.01248
-1.01526     -1.01332
-0.97826     -0.98566
-1.03474     -1.01032
-0.99270     -1.01284
-0.98956     -1.02282
-1.00342     -1.02430
-1.00072     -1.01578
-1.00190     -1.00082
-1.02572     -1.00376
-1.01772     -1.02680
-1.04512     -1.04258
-1.01764     -0.99778
-1.02180     -1.01390
-1.04088     -0.97992
-1.01242     -1.01840
-0.98454     -0.99488
-0.97522     -1.00632
-0.98292     -0.98416
-0.99090     -1.01690
-1.04082     -1.01004
-1.00962     -1.03440
-1.02344     -1.01312
-1.02278     -0.98312
-1.02722     -1.00812
-1.01032     -0.97218
-0.98956     -1.02462
-1.00158     -1.00338
-0.99164     -1.00634
-0.99810     -1.00696
-1.01840     -0.98988
-1.00442     -1.00028
-1.00514     -1.00470
-0.99844     -1.01416
-1.01244     -1.01362
-1.05188     -1.00094
-0.99726     -0.97520
-1.02644     -1.04064
-1.00888     -1.01770
-1.04352     -1.00782
-0.99800     -1.01716
-0.99276     -1.01826
-1.03334     -0.99462
-1.01352     -1.01542
-0.99850     -1.00136
-1.01726     -1.01248
-1.00230     -0.99014
-1.03664     -1.02548
-0.99300     -1.02874
-1.03612     -0.99380
-1.03594     -0.99826
-1.03852     -1.02240
-0.97860     -1.01754
-1.01424     -1.01568
-1.02614     -0.98874
-1.02364     -0.97698
-0.99184     -1.00972
-1.02998     -0.97756
-1.03772     -0.99868
-1.01752     -1.02742
-0.97058     -1.03098
-1.04140     -1.00856
-0.99848     -0.98328
-0.99488     -1.03280
-1.00136     -1.01112
-0.99414     -1.01188
-1.01444     -1.00382
-1.02896     -1.01002
-0.97718     -1.00908
-1.01674     -1.03030
-0.99754     -1.01282
-1.02012     -1.03534
-1.02102     -1.04322
-1.00630     -0.98628
-1.00804     -1.01822
-1.01568     -1.01274
-1.02200     -1.02910
-1.04782     -1.01340
-1.00142     -0.99878
-1.00634     -0.99274
-0.98680     -1.01842
-0.97338     -1.00682
-1.00926     -1.04258
-1.01740     -1.00726
-1.02568     -1.03078
-0.98812     -0.97324
-1.01918     -0.98978
-0.99838     -1.03626
-0.98460     -1.02226
-1.02218     -1.01720
-1.05166     -1.02144
-1.02028     -1.02492
-1.01462     -1.00528
-1.02988     -0.99938
-1.00058     -1.00598
-1.01656     -0.98624
-1.00200     -1.01870
-0.97604     -0.98132
-0.99174     -0.99086
-1.01132     -1.02600
-1.00588     -0.99048
-1.00378     -1.01444
-1.01030     -1.01752
-1.01026     -0.99332
-0.96436     -0.99042
-1.01184     -1.04678
-1.00646     -1.03400
-1.01290     -1.04766
-1.02540     -0.98860
-1.00244     -1.01522
-0.98670     -1.01770
-0.96640     -1.01922
-1.01736     -1.01108
-1.02686     -1.02036
-0.99300     -0.99924
-1.01028     -1.01730
-1.03756     -1.01658
-1.00446     -0.99852
-1.01034     -1.01324
-1.01944     -1.03504
-0.99358     -1.03566
-1.00842     -1.00984
-1.00292     -1.01738
-1.01976     -1.02832
-1.00358     -1.03824
-1.01476     -1.00622
-1.01032     -1.01808
-1.03954     -1.00010
-0.99718     -1.00556
-1.01780     -0.99278
-1.03616     -0.98858
-0.98650     -0.98918
-1.01866     -1.01728
-1.01032     -1.03972
-1.02504     -1.00862
-1.02408     -1.00560
-1.02722     -1.01690
-1.00030     -0.98296
-1.01194     -1.02084
-1.00700     -1.02020
-0.98630     -1.01690
-1.01946     -1.02412
-1.04068     -1.01728
-1.00750     -1.00488
-0.99024     -1.00940
-0.98242     -0.99882
-0.99440     -1.00902
-1.01776     -1.00556
-1.00202     -1.06446
-1.00310     -1.03458
-1.01972     -1.04748
-0.99768     -1.01214
-1.00270     -0.99116
-1.01634     -0.99184
-1.02776     -1.00964
-0.99600     -1.02498
-1.00486     -1.01050
-1.00198     -1.01114
-1.02174     -1.03622
-1.00666     -0.99172
-1.01192     -1.00924
-1.02370     -0.99370
-1.01832     -1.01312
-1.02166     -0.98584
-1.01456     -1.00810
-1.00492     -1.01626
-1.01412     -1.01234
-0.99580     -0.99278
-1.04160     -1.01310
-0.99818     -1.01706
-0.99382     -1.00114
-1.01524     -1.02672
-1.03184     -1.01266
-1.00854     -1.00056
-0.99690     -1.02222
-1.03660     -1.02540
-1.01694     -1.00450
-1.02506     -1.03438
-1.01998     -0.99798
-1.01310     -1.00162
-1.00378     -1.00236
-1.03648     -1.01334
-1.01198     -1.04174
-1.01096     -1.01018
-1.02858     -1.03968
-1.01064     -1.00652
-1.01046     -1.02672
-1.02288     -0.97626
-0.99750     -0.99932
-1.00148     -1.02352
-1.00710     -1.02376
-1.03192     -1.00826
-1.01014     -1.00174
-1.02518     -0.98888
-0.98582     -1.01008
-1.04148     -1.01846
-1.03316     -1.03238
-1.01702     -1.00208
-0.99354     -1.00206
-1.02434     -1.00500
-1.02722     -1.02904
-1.01128     -1.00778
-1.02394     -0.98746
-1.00230     -1.01602
-0.99704     -1.01680
-1.03852     -1.01060
-0.99500     -1.03142
-1.03578     -1.00716
-0.97364     -1.01918
-1.01958     -1.00208
-1.00094     -0.98666
-1.00258     -0.98686
-1.01026     -1.02558
-1.01342     -0.98836
-1.02402     -1.04234
-1.03952     -1.05688
-1.03010     -1.01488
-0.99186     -0.99890
-1.00582     -1.01072
-0.98808     -1.00206
-0.97438     -1.00858
-1.00254     -1.01212
-1.03048     -1.03244
-1.03320     -1.00564
-1.00902     -1.01214
-1.01302     -1.00108
-0.98872     -1.01690
-1.03422     -0.99746
-1.00602     -1.02308
-1.01354     -0.98842
-1.01732     -0.99862
-1.04216     -0.98334
-1.01918     -1.00668
-1.00504     -1.01240
-1.02558     -0.99494
-0.99772     -1.01938
-1.01062     -0.96300
-1.00442     -0.97152
-1.00116     -1.00518
-1.00916     -1.02466
-1.03424     -1.03112
-1.01182     -1.02450
-0.99916     -1.02646
-1.00258     -0.98108
-0.99404     -1.02128
-0.99904     -1.02610
-1.02988     -0.99308
-0.99878     -0.97506
-1.01170     -1.02484
-1.03914     -1.03084
-1.03802     -1.00564
-1.02114     -0.95486
-1.00192     -1.03402
-1.00808     -1.00620
-1.00618     -1.02666
-0.98618     -0.99708
-0.99808     -1.03068
-1.03266     -1.00704
-1.00206     -1.02214
-1.00176     -1.01214
-1.00256     -0.98120
-1.00882     -1.01494
-1.00968     -1.00110
-1.00736     -0.98656
-1.01150     -1.01782
-1.00336     -0.99462
-1.03760     -0.99596
-1.01106     -0.99486
-1.02842     -1.00018
-0.98604     -0.99254
-1.02222     -1.00952
-1.01338     -1.00470
-1.00546     -1.02126
-1.01290     -1.02116
-1.01174     -1.00398
-0.98132     -1.05558
-1.03166     -1.00270
-0.97928     -1.01122
-1.02182     -1.02270
-0.97942     -1.04304
-1.01456     -0.98494
-1.03766     -0.95630
-0.98902     -0.98188
-1.02172     -1.01584
-0.99576     -1.04874
-1.02118     -1.04716
-1.03228     -1.00880
-0.99406     -0.99410
-1.01782     -1.00812
-1.05104     -0.97710
-0.99466     -0.99950
-1.01172     -1.00188
-1.00232     -0.99458
-1.04164     -1.02704
-1.00672     -1.01700
-1.04650     -1.00356
-1.02634     -1.01016
-0.99268     -1.00676
-1.00938     -1.01360
-1.01906     -0.96364
-1.01328     -1.01180
-1.00082     -1.02096
-1.01808     -1.01624
-1.01460     -1.03248
-1.01814     -0.98930
-1.01616     -1.00826
-1.01376     -1.03476
-1.04596     -1.01200
-0.99602     -1.00118
-0.99518     -1.03234
-1.02248     -0.98288
-1.01172     -1.00272
-1.02010     -0.99604
-0.99730     -1.01520
-1.01306     -0.99318
-1.00262     -1.01382
-1.00312     -1.04296
-1.00420     -1.00168
-0.99978     -0.96492
-1.03310     -1.00594
-1.02710     -1.00018
-1.04664     -0.98600
-1.01502     -1.00864
-1.02468     -1.02976
-1.01530     -1.01362
-1.04606     -1.04012
-0.99194     -0.99428
-0.99880     -1.01744
-0.99032     -1.00364
-1.01412     -0.96324
-1.03044     -1.02794
-1.03952     -1.02358
-1.00766     -1.03766
-0.97860     -0.97904
-1.01886     -0.99556
-0.99094     -1.01052
-1.02870     -0.97860
-0.97876     -0.99618
-0.98184     -1.01878
-1.01686     -0.99248
-0.98568     -1.00452
-0.99706     -1.00532
-1.02986     -1.04604
-1.02104     -1.01774
-1.04118     -1.02878
-1.02528     -1.00010
-1.03044     -1.02902
-1.01000     -1.02924
-1.02826     -1.01912
-0.99374     -1.01954
-0.95592     -1.01142
-1.03328     -0.99126
-1.00542     -0.99900
-1.00650     -1.00712
-1.02000     -1.00436
-1.02814     -1.02402
-0.99382     -0.98090
-0.99456     -0.98958
-0.98824     -1.01338
-0.97296     -1.01248
-1.00940     -1.01152
-1.02230     -1.02852
-0.98700     -1.01528
-1.01080     -1.03112
-1.02176     -0.99442
-1.01442     -1.00592
-1.00314     -0.98968
-1.01304     -1.02166
-1.01912     -1.01022
-0.98898     -1.01610
-1.01652     -1.01340
-1.00810     -1.00952
-0.99546     -1.01636
-1.02572     -1.00270
-1.02448     -1.02720
-1.04468     -0.98082
-1.00946     -0.98852
-0.99124     -1.01164
-0.98420     -0.99638
-1.01060     -1.00212
-1.04998     -1.03982
-1.05824     -1.03070
-0.99438     -1.01426
-1.01414     -1.00976
-0.98360     -0.99706
-1.01070     -1.02032
-1.01454     -1.02704
-1.02858     -0.99266
-0.99200     -1.01352
-1.01412     -1.02046
-1.03710     -1.02252
-1.02090     -0.97906
-0.99510     -1.02534
-1.00432     -1.04284
-1.00826     -1.01034
-0.99772     -0.99402
-0.99178     -1.03570
-1.03430     -1.03830
-1.03130     -1.03480
-0.98984     -1.04174
-1.00226     -1.05866
-0.96942     -1.03044
-0.99470     -0.99550
-0.98560     -1.02558
-1.02106     -1.03688
-1.01968     -1.01468
-1.01294     -0.99174
-0.98782     -1.02664
-1.00770     -1.01492
-1.00076     -0.97724
-1.01712     -1.01346
-1.02122     -1.00982
-1.04024     -0.99768
-1.03380     -1.02514
-0.99972     -0.99314
-1.00336     -1.04024
-1.00072     -0.98252
-0.96316     -1.02400
-1.01740     -1.01944
-1.02198     -1.00038
-0.98694     -0.98706
-0.99504     -1.00352
-1.02224     -0.99944
-1.03958     -1.00588
-1.02006     -0.99732
-0.98396     -1.00774
-0.99868     -1.00828
-0.99460     -0.99752
-1.02222     -1.03702
-1.04984     -0.99262
-0.99618     -0.99684
-0.99136     -1.02210
-1.00208     -1.02000
-1.02060     -0.98854
-0.99866     -0.98096
-1.05014     -0.97372
-1.03346     -1.02372
-1.04738     -1.04494
-0.99230     -1.00398
-0.98170     -0.98868
-1.02434     -0.99490
-0.98522     -1.02424
-0.99602     -1.02176
-0.99952     -0.96690
-1.01564     -1.02096
-1.00708     -0.99306
-0.99682     -1.01178
-1.00818     -1.02730
-1.01222     -0.99018
-0.97192     -1.02952
-0.97222     -1.00076
-0.99094     -1.01574
-0.99490     -1.01440
-1.01300     -1.01652
-1.03078     -0.99072
-0.99268     -1.02202
-0.99136     -1.05082
-1.04744     -0.99958
-1.03610     -1.00318
-1.02014     -1.02116
-1.01750     -1.00536
-1.03960     -0.99908
-1.00796     -1.01144
-1.03184     -0.99108
-1.00560     -1.00494
-1.01182     -0.99092
-1.00296     -1.00988
-1.00530     -1.00024
-0.99868     -1.01628
-0.99056     -1.04588
-1.01752     -1.03202
-1.01204     -0.99730
-0.97844     -1.02840
-1.02282     -1.02808
-1.02996     -1.02442
-1.01182     -1.01006
-1.02662     -1.03606
-0.94320     -1.00956
-1.01794     -1.01878
-1.02048     -1.00648
-1.01406     -0.98854
-0.99742     -0.99126
-1.01658     -1.02458
-1.00790     -0.98394
-0.99902     -1.02464
-0.99932     -1.00826
-1.02874     -1.00688
-1.05722     -1.02836
-1.00050     -0.99510
-1.00026     -1.02014
-1.03366     -1.00856
-0.99698     -1.00878
-1.00854     -1.00594
-0.98800     -0.99096
-0.99714     -1.04342
-1.01502     -0.98870
-1.00546     -0.99976
-1.01146     -1.01014
-1.01032     -1.01722
-1.02074     -0.99490
-1.03798     -0.99212
-0.97078     -1.00504
-1.02796     -1.01484
-0.99390     -1.00362
-0.98432     -0.97774
-0.98588     -1.01954
-1.02684     -1.00814
-1.00846     -1.01582
-0.98014     -1.01602
-1.02870     -1.05278
-0.98664     -1.02100
-1.00912     -1.00960
-0.98278     -0.99350
-1.03116     -1.01076
-1.01606     -1.00202
-0.99578     -1.03114
-0.98608     -1.02498
-1.04920     -1.02254
-1.00248     -1.03558
-1.03610     -0.98932
-1.02054     -0.98254
-1.03766     -1.00156
-0.96118     -1.01436
-1.02886     -0.99210
-1.02200     -0.97084
-1.00070     -0.98238
-1.00408     -1.01616
-1.02144     -0.99260
-0.98226     -1.01258
-1.03350     -1.02690
-0.98886     -0.98206
-0.98886     -1.01352
-1.00352     -1.03020
-1.03290     -1.00210
-1.01776     -1.02136
-1.01754     -1.00916
-1.00178     -1.04162
-1.00940     -1.00168
-1.00522     -1.00250
-1.01584     -1.03180
-1.03884     -1.01296
-1.04756     -0.99144
-1.03482     -1.00956
-1.03078     -1.01294
-0.95556     -0.98826
-1.01440     -0.98264
-1.01744     -0.98750
-1.00752     -0.99852
-1.06370     -0.98624
-0.99914     -1.00148
-0.97966     -1.00124
-1.00622     -0.99016
-1.01236     -0.99070
-1.04360     -0.99808
-1.02694     -1.02366
-1.03508     -1.01302
-1.00564     -0.99504
-0.98520     -1.00674
-1.01472     -1.01896
-1.02430     -1.03412
-1.03018     -0.98422
-1.01352     -1.01382
-0.99422     -1.02524
-1.01312     -1.01314
-1.00646     -0.98928
-1.00018     -1.01756
-1.00754     -0.97264
-1.06608     -0.99818
-1.01490     -1.01914
-1.02628     -1.00664
-1.00404     -1.00676
-1.03784     -1.00796
-1.01772     -1.01608
-1.00248     -0.96696
-1.02408     -0.98698
-1.02078     -0.99436
-0.97730     -1.01560
-1.03898     -1.02210
-1.02762     -1.01032
-0.99532     -1.03254
-1.04910     -1.02214
-0.97332     -1.01268
-1.01980     -1.00408
-0.98252     -0.98986
-1.00132     -1.00792
-1.03756     -1.00462
-1.01128     -1.03254
-1.04374     -1.00320
-1.02010     -1.00270
-1.04050     -1.03144
-1.03608     -1.01034
-1.01438     -1.00560
-1.02748     -1.01980
-1.03224     -0.99164
-1.00460     -1.02034
-0.98674     -1.01798
-1.02696     -1.02604
-1.03712     -1.04750
-1.01402     -1.02436
-1.00460     -1.02410
-1.03706     -1.01752
-1.00524     -1.00118
-1.02834     -1.03960
-1.01042     -0.99932
-1.00370     -1.01468
-1.03818     -1.00412
-0.99168     -1.00686
-0.99456     -0.98698
-1.00576     -1.00914
-1.02768     -1.05698
-1.00654     -1.04150
-1.00358     -0.99694
-1.01582     -0.98768
-0.94798     -1.01764
-1.04144     -1.02416
-1.02462     -0.98710
-1.00922     -0.99456
-1.00782     -1.00302
-1.02838     -1.03814
-0.97748     -1.02100
-1.01208     -1.03388
-1.00706     -1.00754
-1.01392     -1.02100
-1.00560     -1.02042
-0.98440     -1.03718
-1.02990     -1.03756
-1.02278     -1.01082
-0.98680     -1.03006
-0.98968     -1.01780
-0.98746     -1.00210
-1.00060     -1.01420
-0.98834     -0.99940
-1.01668     -0.98936
-1.01882     -1.00808
-1.01754     -1.01180
-1.02834     -0.98884
-1.00834     -1.03510
-1.02772     -1.00826
-1.01486     -1.02498
-1.02880     -1.00670
-0.99516     -1.01872
-1.02192     -0.98422
-1.02030     -0.99482
-1.02324     -1.03260
-1.00942     -1.02374
-1.02654     -1.00456
-1.04278     -1.01834
-1.00616     -1.03690
-1.03138     -0.98426
-0.98668     -1.02608
-1.04648     -1.00190
-1.02630     -1.00676
-1.01502     -1.01320
-0.99996     -1.04290
-0.99858     -1.02538
-1.02766     -1.01538
-1.03230     -0.98118
-1.02426     -1.02156
-1.00868     -0.98952
-1.04392     -1.00626
-1.00316     -1.00648
-1.01060     -1.02832
-1.03412     -0.99178
-1.01060     -1.00152
-1.01548     -1.02472
-1.00360     -1.04296
-1.02002     -1.01756
-0.98172     -1.02082
-1.00298     -0.99544
-1.05054     -0.98258
-1.01762     -0.99050
-1.02676     -1.01574
-1.01428     -0.99518
-1.00888     -1.01302
-1.00940     -1.01824
-1.00724     -1.01554
-1.00238     -1.03506
-1.03786     -1.01736
-0.98464     -1.01080
-0.99628     -1.04848
-1.00762     -0.98786
-0.99224     -1.03486
-0.99446     -1.00506
-1.02176     -0.98826
-1.01734     -0.98954
-1.02772     -0.98482
-0.98776     -0.99922
-0.99274     -1.02036
-1.02416     -1.01050
-1.05672     -1.03852
-1.02550     -1.02284
-1.00846     -1.01564
-1.00200     -0.98930
-1.00904     -1.01362
-0.98590     -1.01004
-1.00514     -1.02694
-0.98212     -1.01166
-1.01644     -0.99992
-1.01314     -1.01144
-1.01408     -1.00742
-0.99712     -1.01136
-1.03506     -1.01012
-1.02420     -0.98372
-1.03516     -0.97332
-1.02806     -0.97348
-1.04088     -1.01476
-1.00024     -0.99124
-0.99196     -0.98826
-0.98620     -0.98656
-0.99514     -1.00850
-1.02066     -0.99408
-1.00542     -1.02054
-1.04478     -1.02058
-1.00804     -1.01158
-1.00386     -1.02188
-0.95930     -1.04410
-1.01912     -1.00456
-1.00562     -1.01246
-1.01442     -1.02316
-1.01518     -1.00338
-0.99698     -1.00272
-1.00848     -1.01606
-1.03626     -1.01752
-0.99386     -1.02330
-1.03482     -1.01320
-1.01156     -0.98192
-1.00712     -0.99938
-1.01302     -1.00548
-1.00932     -1.03346
-0.99642     -1.03076
-0.98530     -1.03476
-0.99022     -1.03426
-0.98960     -1.02038
-0.99572     -0.99604
-1.00026     -1.01116
-1.00934     -1.01780
-0.99720     -1.02606
-0.99692     -1.02552
-1.03068     -1.02404
-1.03594     -0.99928
-1.02960     -0.99064
-1.02462     -1.01602
-0.99478     -0.98700
-1.03992     -0.96986
-1.01306     -1.00160
-1.02896     -0.97926
-1.01476     -0.99084
-0.98294     -1.01514
-0.99988     -1.00780
-1.02054     -1.03358
-1.04010     -1.00728
-0.98922     -1.00594
-0.99726     -1.01126
-1.03000     -1.02382
-1.02282     -1.01082
-1.00862     -0.99376
-1.00396     -0.99380
-0.98832     -1.00556
-0.98914     -0.99004
-0.97426     -1.04306
-1.01262     -1.00136
-1.01450     -1.02586
-1.01142     -1.01302
-1.00406     -1.01572
-1.02402     -1.00068
-1.01640     -1.01332
-0.99782     -1.00940
-0.97126     -1.01864
-1.00388     -0.98582
-1.01472     -1.00240
-1.00116     -1.03612
-1.01468     -1.00950
-0.98044     -1.01646
-0.98402     -1.02458
-1.02800     -0.98498
-1.01966     -1.00684
-1.03112     -0.99990
-1.00186     -1.02440
-0.99786     -1.00140
-1.02258     -1.00554
-1.01070     -0.97764
-0.99196     -1.00136
-1.02390     -1.02728
-1.03426     -1.00718
-1.02802     -1.00560
-1.02942     -0.98688
-0.99238     -1.01792
-1.00818     -1.01850
-1.01976     -0.99470
-1.06724     -1.00166
-1.01712     -1.02250
-1.00406     -0.99000
-1.00156     -1.04912
-1.02850     -1.02122
-0.98824     -0.99922
-1.00324     -1.02600
-0.98590     -0.99614
-1.01156     -1.01062
-0.99238     -1.02158
-1.03330     -1.03028
-0.99368     -1.00292
-1.01504     -1.00410
-0.98884     -0.95204
-0.98172     -1.01846
-1.02272     -1.02112
-1.02606     -0.98272
-1.02472     -1.03536
-1.03390     -1.00968
-1.01470     -1.00220
-0.98686     -1.00140
-0.99004     -0.99030
-1.01296     -0.99660
-1.02662     -1.01288
-1.00736     -1.00908
-1.00520     -1.00896
-1.02962     -1.03352
-1.02672     -1.00784
-1.01656     -0.99822
-1.03582     -0.98258
-1.00682     -0.99096
-1.03194     -0.99412
-0.98670     -1.02452
-1.00238     -1.00110
-1.00318     -1.01690
-1.00110     -1.02720
-1.03046     -1.02940
-1.01076     -0.98442
-0.99200     -1.02468
-1.00044     -1.01680
-0.97786     -1.00470
-1.01374     -0.99476
-1.00952     -0.99420
-0.98096     -1.01716
-0.98388     -1.06948
-1.04394     -1.00532
-1.00988     -0.99620
-0.99346     -1.00084
-1.00440     -0.95634
-1.00076     -1.02696
-0.98856     -0.97962
-1.01762     -0.97112
-1.01920     -1.03814
-1.02056     -1.02850
-1.00626     -1.02764
-1.03304     -1.00842
-0.99440     -0.98278
-0.99446     -1.03216
-1.01400     -1.00608
-1.04056     -0.97452
-1.00248     -1.01008
-1.02840     -1.00510
-1.00888     -1.00618
-1.02536     -0.99680
-1.01304     -1.00200
-0.98598     -0.99472
-1.00514     -1.00740
-1.01612     -1.02274
-1.02578     -0.98388
-1.00068     -0.98454
-1.00158     -0.94440
-1.00472     -0.99484
-1.00920     -1.00804
-0.99194     -1.01914
-1.00710     -0.97452
-0.99026     -1.02926
-0.99294     -0.98774
-1.00100     -1.06496
-0.98720     -1.02262
-1.01958     -1.01758
-1.00028     -0.95828
-0.98492     -0.99244
-0.99348     -1.01880
-1.00986     -1.00206
-0.99992     -1.03734
-1.02684     -1.03580
-1.02940     -1.01774
-0.99730     -1.01898
-1.02270     -1.00732
-0.97452     -1.02704
-1.04754     -1.03790
-0.98840     -1.01480
-1.01602     -0.98010
-0.99780     -0.99232
-1.01272     -1.01334
-1.04028     -0.99164
-1.03158     -1.00906
-0.97216     -1.05634
-1.02056     -0.97732
-0.99378     -1.00758
-0.98252     -0.99694
-1.01358     -0.96800
-1.04956     -1.01524
-0.97848     -1.01920
-1.00566     -0.97226
-1.00068     -1.01100
-1.01604     -1.02790
-1.03002     -1.01496
-1.00424     -0.97314
-1.01426     -1.02924
-1.00750     -0.99054
-0.98232     -1.01830
-0.99548     -0.98820
-1.02280     -1.00804
-1.01202     -1.00218
-0.97444     -0.98546
-0.99518     -1.02364
-0.97830     -1.06040
-1.02678     -0.97914
-1.02644     -1.04650
-0.98282     -1.00946
-1.01106     -0.97368
-1.01958     -1.02788
-1.02174     -1.00750
-1.01024     -1.01508
-1.00844     -1.01646
-1.05816     -1.02174
-1.00660     -1.02688
-1.01934     -1.01200
-1.01010     -0.99270
-1.04822     -1.00520
-1.02924     -1.04542
-1.00130     -0.99046
-1.02048     -0.98952
-0.98464     -1.00814
-1.02712     -0.99552
-1.00694     -1.00950
-0.98760     -1.01074
-1.00120     -1.00482
-0.99880     -1.00572
-1.03178     -1.01340
-0.99778     -0.99476
-0.99196     -1.00712
-1.02056     -1.00464
-1.04222     -1.02682
-1.02604     -0.99728
-1.02574     -1.01178
-1.01772     -1.01898
-1.00098     -1.00942
-1.00972     -0.99302
-1.02132     -0.99648
-1.01574     -1.03204
-1.01818     -1.03438
-1.02508     -0.99440
-1.00534     -1.01136
-0.96944     -1.02066
-1.00230     -1.02436
-0.97078     -1.01798
-1.01570     -1.02170
-0.99968     -1.02332
-0.99628     -1.01268
-1.00016     -0.98952
-1.01796     -0.99980
-1.01950     -1.05218
-1.02580     -1.01912
-1.03354     -1.02098
-1.02308     -1.01870
-0.99758     -1.02018
-1.01570     -0.97970
-1.04506     -1.01466
-1.05456     -1.00044
-1.01948     -1.01408
-0.99792     -1.02576
-1.01986     -1.00060
-1.01524     -0.99640
-1.04394     -0.99098
-1.03298     -0.99416
-0.99996     -0.96720
-1.01754     -1.01888
-0.98802     -1.00804
-1.02760     -1.01130
-1.00824     -0.96046
-0.98540     -0.98278
-1.00858     -1.02126
-0.99508     -0.97838
-1.00502     -0.97890
-0.96156     -1.03476
-0.99976     -1.02322
-0.98966     -0.99038
-0.99266     -1.00574
-1.00114     -0.98336
-1.01826     -1.02270
-0.98768     -1.00716
-1.00862     -0.99600
-0.97788     -1.02984
-1.01814     -1.05236
-1.01774     -1.01140
-1.02016     -1.02770
-1.01904     -0.97624
-0.98566     -0.99322
-1.02998     -0.99722
-1.01118     -1.00252
-0.99370     -0.99196
-1.00342     -0.98810
-0.99582     -0.96450
-0.97244     -1.01910
-0.99086     -1.02740
-0.99526     -0.99678
-1.00324     -0.98554
-1.02260     -1.01730
-1.01094     -0.99066
-1.01062     -0.98528
-1.01118     -1.05312
-1.02970     -0.99920
-1.00306     -1.01300
-1.03216     -1.03524
-0.98000     -0.98778
-1.01140     -1.01226
-1.00844     -1.02236
-1.00734     -0.99114
-1.00328     -0.99726
-1.02958     -1.02382
-1.01508     -1.03636
-1.03254     -1.02258
-1.00198     -0.99728
-1.00638     -1.00118
-1.02486     -1.03020
-0.98304     -1.01532
-1.00350     -1.01882
-0.99990     -0.97510
